 0 0
 0 0
 0 0
 0 0
 0 0
 0 0
 0 0
 0 0
 0 0
 0 0
 0 0
 0 0
 0 0
 0 0
 0 0
 0 0
 0 0
 0 0
 0 0
 0 0
 0 0
 0 0
 0 0
 0 0
 0 0
 0 0
 0 0
 0 0
 0 0
 0 0
 0 0
 0 0
 0 0
 0 0
 0 0
 0 0
 0 0
 0 0
 0 0
 0 0
 0 0
 0 0
 0 0
 0 0
 0 0
 0 0
 0 0
 0 0
 0 0
 0 0
 0 0
 0 0
 0 0
 0 0
 0 0
 0 0
 0 0
 0 0
 0 0
 0 0
 0 0
 0 0
 0 0
 0 0
 0 0
 0 0
 0 0
 0 0
 0 0
 0 0
 0 0
 0 0
 0 0
 0 0
 0 0
 0 0
 0 0
 0 0
 0 0
 0 0
 0 0
 0 0
 0 0
 0 0
 0 0
 0 0
 0 0
 0 0
 0 0
 0 0
 0 0
 0 0
 0 0
 0 0
 0 0
 0 0
 0 0
 0 0
 0 0
 0 0
 0 0
 0 0
 0 0
 0 0
 0 0
 0 0
 0 0
 0 0
 0 0
 0 0
 0 0
 0 0
 0 0
 0 0
 0 0
 0 0
 0 0
 0 0
 0 0
 0 0
 0 0
 0 0
 0 0
 0 0
 0 0
 0 0
 0 0
 0 0
 0 0
 0 0
 0 0
 0 0
 0 0
 0 0
 0 0
 0 0
 0 0
 0 0
 0 0
 0 0
 0 0
 0 0
 0 0
 0 0
 0 0
 0 0
 0 0
 0 0
 0 0
 0 0
 0 0
 0 0
 0 0
 0 0
 0 0
 0 0
 0 0
 0 0
 0 0
 0 0
 0 0
 0 0
 0 0
 0 0
 0 0
 0 0
 0 0
 0 0
 0 0
 0 0
 0 0
 0 0
 0 0
 0 0
 0 0
 0 0
 0 0
 0 0
 0 0
 0 0
 0 0
 0 0
 0 0
 0 0
 0 0
 0 0
 0 0
 0 0
 0 0
 0 0
 0 0
 0 0
 0 0
 0 0
 0 0
 0 0
 0 0
 0 0
 0 0
 0 0
 0 0
 0 0
 0 0
 0 0
 0 0
 0 0
 0 0
 0 0
 0 0
 0 0
 0 0
 0 0
 0 0
 0 0
 0 0
 0 0
 0 0
 0 0
 0 0
 0 0
 0 0
 0 0
 0 0
 0 0
 0 0
 0 0
 0 0
 0 0
 0 0
 0 0
 0 0
 0 0
 0 0
 0 0
 0 0
 0 0
 0 0
 0 0
 0 0
 0 0
 0 0
 0 0
 0 0
 0 0
 0 0
 0 0
 0 0
 0 0
 0 0
 0 0
 0 0
 0 0
 0 0
 0 0
 0 0
 0 0
 0 0
 0 0
 0 0
 0 0
 0 0
 0 0
 0 0
 0 0
 0 0
 0 0
 0 0
 0 0
 0 0
 0 0
 0 0
 0 0
 0 0
 0 0
 0 0
 0 0
 0 0
 0 0
 0 0
 0 0
 0 0
 0 0
 0 0
 0 0
 0 0
 0 0
 0 0
 0 0
 0 0
 0 0
 0 0
 0 0
 0 0
 0 0
 0 0
 0 0
 0 0
 0 0
 0 0
 0 0
 0 0
 0 0
 0 0
 0 0
 0 0
 0 0
 0 0
 0 0
 0 0
 0 0
 0 0
 0 0
 0 0
 0 0
 0 0
 0 0
 0 0
 0 0
 0 0
 0 0
 0 0
 0 0
 0 0
 0 0
 0 0
 0 0
 0 0
 0 0
 0 0
 0 0
 0 0
 0 0
 0 0
 0 0
 0 0
 0 0
 0 0
 0 0
 0 0
 0 0
 0 0
 0 0
 0 0
 0 0
 0 0
 0 0
 0 0
 0 0
 0 0
 0 0
 0 0
 0 0
 0 0
 0 0
 0 0
 0 0
 0 0
 0 0
 0 0
 0 0
 0 0
 0 0
 0 0
 0 0
 0 0
 0 0
 0 0
 0 0
 0 0
 0 0
 0 0
 0 0
 0 0
 0 0
 0 0
 0 0
 0 0
 0 0
 0 0
 0 0
 0 0
 0 0
 0 0
 0 0
 0 0
 0 0
 0 0
 0 0
 0 0
 0 0
 0 0
 0 0
 0 0
 0 0
 0 0
 0 0
 0 0
 0 0
 0 0
 0 0
 0 0
 0 0
 0 0
 0 0
 0 0
 0 0
 0 0
 0 0
 0 0
 0 0
 0 0
 0 0
 0 0
 0 0
 0 0
 0 0
 0 0
 0 0
 0 0
 0 0
 0 0
 0 0
 0 0
 0 0
 0 0
 0 0
 0 0
 0 0
 0 0
 0 0
 0 0
 0 0
 0 0
 0 0
 0 0
 0 0
 0 0
 0 0
 0 0
 0 0
 0 0
 0 0
 0 0
 0 0
 0 0
 0 0
 0 0
 0 0
 0 0
 0 0
 0 0
 0 0
 0 0
 0 0
 0 0
 0 0
 0 0
 0 0
 0 0
 0 0
 0 0
 0 0
 0 0
 0 0
 0 0
 0 0
 0 0
 0 0
 0 0
 0 0
 0 0
 0 0
 0 0
 0 0
 0 0
 0 0
 0 0
 0 0
 0 0
 0 0
 0 0
 0 0
 0 0
 0 0
 0 0
 0 0
 0 0
 0 0
 0 0
 0 0
 0 0
 0 0
 0 0
 0 0
 0 0
 0 0
 0 0
 0 0
 0 0
 0 0
 0 0
 0 0
 0 0
 0 0
 0 0
 0 0
 0 0
 0 0
 0 0
 0 0
 0 0
 0 0
 0 0
 0 0
 0 0
 0 0
 0 0
 0 0
 0 0
 0 0
 0 0
 0 0
 0 0
 0 0
 0 0
 0 0
 0 0
 0 0
 0 0
 0 0
 0 0
 0 0
 0 0
 0 0
 0 0
 0 0
 0 0
 0 0
 0 0
 0 0
 0 0
 0 0
 0 0
 0 0
 0 0
 0 0
 0 0
 0 0
 0 0
 0 0
 0 0
 0 0
 0 0
 0 0
 0 0
 0 0
 0 0
 0 0
 0 0
 0 0
 0 0
 0 0
 0 0
 0 0
 0 0
 0 0
 0 0
 0 0
 0 0
 0 0
 0 0
 0 0
 0 0
 0 0
 0 0
 0 0
 0 0
 0 0
 0 0
 0 0
 0 0
 0 0
 0 0
 0 0
 0 0
 0 0
 0 0
 0 0
 0 0
 0 0
 0 0
 0 0
 0 0
 0 0
 0 0
 0 0
 0 0
 0 0
 0 0
 0 0
 0 0
 0 0
 0 0
 0 0
 0 0
 0 0
 0 0
 0 0
 0 0
 0 0
 0 0
 0 0
 0 0
 0 0
 0 0
 0 0
 0 0
 0 0
 0 0
 0 0
 0 0
 0 0
 0 0
 0 0
 0 0
 0 0
 0 0
 0 0
 0 0
 0 0
 0 0
 0 0
 0 0
 0 0
 0 0
 0 0
 0 0
 0 0
 0 0
 0 0
 0 0
 0 0
 0 0
 0 0
 0 0
 0 0
 0 0
 0 0
 0 0
 0 0
 0 0
 0 0
 0 0
 0 0
 0 0
 0 0
 0 0
 0 0
 0 0
 0 0
 0 0
 0 0
 0 0
 0 0
 0 0
 0 0
 0 0
 0 0
 0 0
 0 0
 0 0
 0 0
 0 0
 0 0
 0 0
 0 0
 0 0
 0 0
 0 0
 0 0
 0 0
 0 0
 0 0
 0 0
 0 0
 0 0
 0 0
 0 0
 0 0
 0 0
 0 0
 0 0
 0 0
 0 0
 0 0
 0 0
 0 0
 0 0
 0 0
 0 0
 0 0
 0 0
 0 0
 0 0
 0 0
 0 0
 0 0
 0 0
 0 0
 0 0
 0 0
 0 0
 0 0
 0 0
 0 0
 0 0
 0 0
 0 0
 0 0
 0 0
 0 0
 0 0
 0 0
 0 0
 0 0
 0 0
 0 0
 0 0
 0 0
 0 0
 0 0
 0 0
 0 0
 0 0
 0 0
 0 0
 0 0
 0 0
 0 0
 0 0
 0.0252333 0
 0.437724 0
 1.27329 0.000244141
 1.38953 0.000335693
 1.51731 0.000442505
 1.63651 0.000442505
 1.84091 0.000567834
 2.23239 0.000567834
 2.43184 0.0806606
 2.62502 0.0872524
 2.72075 0.0905483
 2.82231 0.0905483
 3.02114 0.199914
 3.27114 0.231164
 3.37735 0.238732
 3.59206 0.248198
 3.82981 0.265532
 4.02902 0.296782
 4.20888 0.318893
 4.40029 0.318893
 4.5995 0.350143
 4.79428 0.38701
 4.98481 0.402391
 5.18868 0.418748
 5.38377 0.451915
 5.60372 0.470409
 5.79909 0.486888
 5.98094 0.51223
 6.15913 0.527412
 6.37983 0.54615
 6.59965 0.583248
 6.77375 0.598659
 6.96027 0.615001
 7.15475 0.651246
 7.37016 0.670746
 7.57322 0.689301
 7.76032 0.710957
 7.94664 0.727834
 8.15089 0.746358
 8.35661 0.769225
 8.5517 0.787291
 8.72956 0.80371
 8.89934 0.822091
 9.12 0.842477
 9.33484 0.904977
 9.51785 0.945018
 9.70145 0.976268
 9.90067 1.00752
 10.1115 1.00846
 10.3069 1.00846
 10.4904 1.03971
 10.6622 1.0733
 10.8658 1.09234
 11.0728 1.09234
 11.2726 1.08385
 11.4796 1.08385
 11.6663 1.10119
 11.8785 1.12492
 12.0695 1.14299
 12.2452 1.14299
 12.4322 1.15512
 12.6312 1.1738
 12.8345 1.19284
 13.0328 1.23824
 13.232 1.26949
 13.4354 1.28878
 13.6331 1.32019
 13.8362 1.35144
 14.0268 1.36975
 14.203 1.4113
 14.3931 1.42998
 14.6001 1.46123
 14.8152 1.51308
 15.0066 1.51308
 15.2013 1.53262
 15.4025 1.55911
 15.5974 1.57901
 15.7927 1.61026
 15.9771 1.65729
 16.1724 1.68854
 16.3705 1.70917
 16.5902 1.74811
 16.7849 1.76874
 16.9803 1.78949
 17.2759 1.83754
 17.479 1.83754
 17.5759 1.84792
 17.7595 1.87917
 17.8604 1.8936
 18.1534 1.92485
 18.3555 2.00028
 18.5588 2.02225
 18.6486 2.02225
 18.9248 2.01935
 19.148 2.04316
 19.3428 2.06403
 19.4387 2.08605
 19.7199 2.1173
 19.8957 2.1173
 20.2002 2.16073
 20.4116 2.18368
 20.5048 2.19381
 20.6962 2.19381
 20.7916 2.22765
 21.0957 2.26116
 21.282 2.28179
 21.4769 2.3009
 21.5785 2.33215
 21.8793 2.3634
 22.0651 2.38292
 22.2526 2.41417
 22.4559 2.43675
 22.7706 2.51877
 22.962 2.55002
 23.0597 2.55002
 23.2241 2.56842
 23.436 2.58931
 23.6425 2.6125
 23.8417 2.6125
 24.0321 2.65549
 24.204 2.65549
 24.4149 2.71799
 24.6204 2.75879
 24.8146 2.78082
 24.9923 2.80091
 25.1889 2.80363
 25.4005 2.82735
 25.6089 2.85094
 25.7928 2.87555
 25.971 2.89548
 26.2583 2.92752
 26.4603 2.96337
 26.5538 2.97396
 26.7395 2.99471
 26.9309 3.02596
 27.1565 3.08272
 27.3629 3.10646
 27.5661 3.12987
 27.7249 3.17078
 27.9145 3.19223
 28.114 3.21515
 28.3309 3.21992
 28.5171 3.24104
 28.8046 3.27287
 29.0281 3.26172
 29.1303 3.27306
 29.2317 3.28429
 29.4134 3.30394
 29.5974 3.35457
 29.804 3.37671
 30.0065 3.39882
 30.4316 3.42969
 30.5291 3.44028
 30.6307 3.45135
 30.8291 3.47325
 30.9397 3.47795
 31.0456 3.48971
 31.2319 3.51019
 31.4181 3.53033
 31.6137 3.54436
 31.8286 3.56796
 32.0435 3.63046
 32.2316 3.64142
 32.4088 3.6604
 32.607 3.68179
 32.836 3.70436
 33.0392 3.72683
 33.2338 3.7481
 33.429 3.76628
 33.6353 3.78891
 33.831 3.81051
 34.0084 3.82686
 34.2031 3.84771
 34.415 3.8705
 34.6296 3.89272
 34.8159 3.91332
 35.0192 3.93543
 35.2058 3.95584
 35.404 3.97726
 35.6078 3.9996
 35.805 4.02114
 35.9883 4.04086
 36.1867 4.06227
 36.4068 4.08648
 36.602 4.10799
 36.805 4.13003
 37 4.13309
 37.2069 4.15551
 37.4098 4.17787
 37.6182 4.20174
 37.7914 4.2206
 37.9864 4.24176
 38.1926 4.26523
 38.3873 4.28696
 38.5747 4.30766
 38.7515 4.32892
 38.9579 4.35161
 39.1698 4.37521
 39.3732 4.39612
 39.5599 4.41678
 39.7552 4.44803
 39.9621 4.46685
 40.1737 4.49047
 40.3769 4.5131
 40.551 4.53441
 40.7605 4.55754
 40.9732 4.58116
 41.1767 4.59756
 41.3714 4.61917
 41.5541 4.63943
 41.7529 4.65664
 41.9678 4.65664
 42.1709 4.68789
 42.3587 4.71552
 42.5423 4.71552
 42.7533 4.71552
 42.9486 4.74627
 43.14 4.77752
 43.3216 4.79767
 43.516 4.80723
 43.7113 4.80723
 43.9144 4.83848
 44.1095 4.87247
 44.3946 4.90372
 44.7159 4.89393
 44.8135 4.89393
 44.8995 4.89393
 44.9924 4.90425
 45.1838 4.9355
 45.6028 4.98696
 45.9778 5.01821
 46.1673 5.04271
 46.3782 5.10521
 46.5931 5.10521
 46.7687 5.14085
 46.9461 5.16054
 47.1444 5.18251
 47.3565 5.20226
 47.5597 5.22484
 47.758 5.24681
 47.9359 5.29716
 48.1427 5.3203
 48.3185 5.35155
 48.5123 5.38186
 48.7025 5.40323
 48.9104 5.42648
 49.1343 5.44286
 49.3289 5.46478
 49.5164 5.49603
 49.6862 5.51006
 49.8893 5.54131
 50.101 5.56511
 50.3054 5.57977
 50.4869 5.60016
 50.6822 5.63141
 50.8783 5.63756
 51.09 5.66118
 51.2932 5.68376
 51.4856 5.7293
 51.6924 5.75231
 51.8951 5.77496
 52.0967 5.81639
 52.2744 5.83625
 52.4728 5.85835
 52.6659 5.91179
 52.8729 5.94304
 53.0681 5.96489
 53.2342 6.0225
 53.4323 6.0449
 53.6354 6.06797
 53.8387 6.09079
 54.0121 6.11042
 54.1899 6.1305
 54.4016 6.16043
 54.6291 6.18631
 54.8166 6.18631
 54.9837 6.26478
 55.1791 6.29603
 55.3814 6.31934
 55.5928 6.23003
 55.7647 6.23003
 55.963 6.25249
 56.1855 6.17641
 56.3886 6.17641
 56.5743 6.19716
 56.7661 6.11764
 56.9438 6.13717
 57.143 6.16842
 57.3804 6.00711
 57.5796 6.03836
 57.7749 6.03836
 57.9604 6.01234
 58.1753 6.01234
 58.3745 6.04359
 58.5691 6.00422
 58.7427 6.02234
 58.9458 6.02234
 59.1498 6.03198
 59.4422 6.0625
 59.7006 6.05723
 59.9115 6.05723
 60.1149 6.07835
 60.2987 6.14662
 60.498 6.17787
 60.7011 6.20912
 60.9106 6.25254
 61.1056 6.27305
 61.2892 6.27305
 61.4681 6.31972
 61.679 6.31972
 61.8939 6.31972
 62.1876 6.41373
 62.3656 6.43277
 62.5727 6.46402
 62.6781 6.46402
 62.8701 6.51481
 62.9599 6.51481
 63.0488 6.52436
 63.2363 6.55561
 63.4433 6.65724
 63.5589 6.66981
 63.6565 6.66981
 63.8596 6.73231
 64.0428 6.78344
 64.2381 6.81469
 64.6595 6.88138
 64.9339 6.91141
 65.1293 6.93289
 65.2266 6.97527
 65.4375 7.03777
 65.6524 7.03777
 65.8211 7.09902
 66.0125 7.13027
 66.2155 7.15286
 66.4225 7.19244
 66.6041 7.2127
 66.7821 7.23248
 66.9789 7.29513
 67.1781 7.29513
 67.3846 7.31832
 67.5607 7.42443
 67.7468 7.44543
 67.9519 7.46868
 68.2464 7.53721
 68.4384 7.55906
 68.6351 7.58134
 68.8306 7.68056
 69.0455 7.74306
 69.2369 7.77431
 69.4149 7.89844
 69.5946 7.92969
 69.7978 7.95337
 69.9869 8.06512
 70.1666 8.06512
 70.3658 8.09637
 70.5637 8.16836
 70.7785 8.16836
 70.9738 8.19961
 71.1587 8.29456
 71.3617 8.31885
 71.5452 8.3501
 71.7574 8.43898
 71.941 8.47023
 72.1402 8.50148
 72.3494 8.4802
 72.5599 8.50547
 72.763 8.56797
 72.9507 8.57594
 73.1226 8.60719
 73.3023 8.60719
 73.5193 8.61059
 73.7225 8.64184
 73.9171 8.66521
 74.1144 8.64587
 74.3097 8.67712
 74.5284 8.73962
 74.7384 8.74243
 74.9236 8.76453
 75.1186 8.78784
 75.3165 8.79378
 75.5157 8.82503
 75.7155 8.84884
 75.8932 8.86148
 76.0964 8.88577
 76.3034 8.88577
 76.5026 8.86642
 76.6891 8.88863
 76.8833 8.9117
 77.0755 8.91342
 77.2904 8.91342
 77.468 8.93447
 77.6548 8.90296
 77.8613 8.9275
 78.0644 8.95155
 78.2807 8.92657
 78.4669 8.94855
 78.6466 8.9798
 78.8601 8.94966
 79.0663 8.97383
 79.2781 8.99861
 79.4604 8.97366
 79.6557 8.97366
 79.8638 8.99795
 80.0852 8.93501
 80.2805 8.96626
 80.462 8.98731
 80.655 8.96563
 80.862 8.98955
 81.0612 9.0208
 81.2635 8.9708
 81.4785 8.99558
 81.6738 8.99558
 81.8993 8.93055
 82.0855 8.95191
 82.2886 8.98316
 82.4846 8.95452
 82.6995 8.95452
 82.9104 9.01702
 83.1942 8.98695
 83.3778 9.0182
 83.4793 9.0182
 83.6863 9.04945
 83.9076 9.05077
 84.0873 9.08202
 84.267 9.11327
 84.4738 9.07881
 84.673 9.07881
 84.8878 9.14131
 85.0866 9.12007
 85.278 9.15132
 85.4928 9.21382
 85.6918 9.19379
 85.9848 9.22504
 86.1829 9.24707
 86.3983 9.20494
 86.5038 9.23619
 86.6053 9.23619
 86.7875 9.25645
 86.9847 9.24983
 87.3754 9.28108
 87.5894 9.26916
 87.7652 9.30041
 87.8628 9.30041
 88.1563 9.32681
 88.3438 9.35806
 88.5352 9.35806
 88.6285 9.36844
 88.7238 9.35362
 88.9279 9.37608
 89.1388 9.37608
 89.3253 9.34922
 89.5172 9.37034
 89.7157 9.39219
 89.9255 9.40232
 90.1208 9.40232
 90.3161 9.40232
 90.4893 9.42177
 90.7002 9.48427
 90.9072 9.51552
 91.1027 9.5275
 91.2824 9.55875
 91.486 9.58103
 91.6715 9.60965
 91.859 9.6409
 92.0652 9.66349
 92.4548 9.71347
 92.654 9.74472
 92.8454 9.74472
 93.0385 9.7541
 93.2299 9.7541
 93.437 9.7541
 93.6334 9.75885
 93.8283 9.78021
 93.9939 9.79837
 94.2054 9.81604
 94.4202 9.87854
 94.6183 9.90027
 94.811 9.94244
 94.9868 9.97369
 95.1743 9.97369
 95.3864 9.96298
 95.5934 9.96298
 95.7809 9.96298
 95.959 9.98572
 96.153 10.007
 96.3563 10.0294
 96.5523 10.0536
 96.7398 10.0536
 96.9258 10.0741
 97.1414 10.1286
 97.3289 10.1286
 97.5156 10.1494
 97.7026 10.1699
 97.8979 10.2012
 98.1015 10.2236
 98.3001 10.239
 98.5033 10.239
 98.6846 10.2592
 98.8842 10.2874
 99.0824 10.3094
 99.2856 10.332
 99.4864 10.343
 99.6845 10.365
 99.8876 10.3874
 100.08 10.4103
 100.274 10.4318
 100.461 10.4525
 100.64 10.4743
 100.839 10.5055
 101.141 10.5217
 101.333 10.5529
 101.435 10.5643
 101.537 10.5643
 101.638 10.5756
 101.846 10.6041
 102.028 10.6244
 102.125 10.6244
 102.231 10.6244
 102.55 10.6472
 102.659 10.6472
 102.851 10.6785
 103.037 10.6992
 103.233 10.7134
 103.432 10.7134
 103.653 10.7381
 103.952 10.7717
 104.14 10.7717
 104.342 10.7944
 104.447 10.8257
 104.647 10.8302
 104.842 10.8519
 105.022 10.8519
 105.225 10.8796
 105.423 10.9017
 105.615 10.933
 105.806 10.9643
 106.01 10.9872
 106.213 11.0184
 106.413 11.0248
 106.599 11.0457
 106.877 11.0457
 107.074 11.0618
 107.284 11.0618
 107.394 11.0618
 107.491 11.0618
 107.777 11.09
 107.964 11.1212
 108.175 11.1212
 108.269 11.1525
 108.574 11.1851
 108.761 11.1851
 108.964 11.1851
 109.18 11.2387
 109.362 11.2589
 109.565 11.2815
 109.766 11.2963
 110.066 11.2963
 110.253 11.3171
 110.45 11.3
 110.547 11.3312
 110.762 11.3937
 110.966 11.3885
 111.156 11.4096
 111.351 11.4313
 111.54 11.4486
 111.746 11.4717
 111.946 11.4939
 112.133 11.4933
 112.336 11.5245
 112.64 11.5319
 112.945 11.566
 113.054 11.566
 113.15 11.5824
 113.455 11.6137
 113.635 11.6337
 113.733 11.637
 114.042 11.6682
 114.249 11.6833
 114.452 11.7145
 114.628 11.7458
 114.827 11.748
 115.023 11.7699
 115.225 11.7923
 115.388 11.7983
 115.571 11.8295
 115.767 11.8512
 115.978 11.8687
 116.173 11.8904
 116.364 11.8904
 116.578 11.8921
 116.773 11.9139
 116.988 11.9139
 117.178 11.8992
 117.357 11.9305
 117.552 11.9521
 117.758 11.9933
 117.957 11.9933
 118.148 12.0145
 118.349 12.0176
 118.543 12.0392
 118.756 12.0629
 118.958 12.0382
 119.161 12.0694
 119.348 12.1007
 119.554 12.0993
 119.761 12.1618
 119.96 12.1931
 120.176 12.1124
 120.379 12.1348
 120.582 12.1573
 120.78 12.0539
 120.968 12.0851
 121.147 12.0851
 121.375 11.9996
 121.587 12.0228
 121.774 12.0228
 121.989 11.8741
 122.184 11.8951
 122.387 11.9263
 122.603 11.7603
 122.794 11.7603
 122.997 11.7819
 123.209 11.509
 123.404 11.5402
 123.608 11.5615
 123.856 11.0267
 124.059 11.0468
 124.255 11.0662
 124.515 10.2927
 124.711 10.311
 124.894 10.311
 125.232 9.06476
 125.436 9.08172
 125.631 9.08172
 126.067 6.8961
 126.27 6.9094
 126.466 6.92222
 127.009 3.47472
 127.196 3.47472
 127.397 3.47472
 128.067 -1.032
 128.264 -1.032
 128.455 -1.032
 129.118 -5.52375
 129.327 -5.52375
 129.528 -5.52375
 130.032 -8.54577
 130.307 -8.57702
 130.51 -8.57702
 130.854 -10.8995
 131.049 -10.8995
 131.244 -10.9141
 131.614 -12.7792
 131.818 -12.7974
 132.021 -12.8155
 132.347 -14.0363
 132.534 -14.0675
 132.729 -14.0867
 133.013 -15.0438
 133.196 -15.0751
 133.403 -15.0751
 133.789 -16.0793
 134.004 -16.1418
 134.106 -16.1533
 134.203 -16.1845
 134.353 -16.7193
 134.641 -16.7531
 134.827 -16.775
 135.059 -17.2769
 135.169 -17.2769
 135.274 -17.2897
 135.469 -17.3209
 135.72 -17.848
 135.909 -17.8717
 136.116 -17.9029
 136.342 -18.2971
 136.511 -18.3186
 136.691 -18.3498
 136.897 -18.5542
 137.117 -18.5824
 137.315 -18.6078
 137.534 -18.8561
 137.729 -18.8873
 137.94 -18.9186
 138.15 -19.0728
 138.331 -19.0966
 138.525 -19.1223
 138.73 -19.254
 138.94 -19.2819
 139.143 -19.3087
 139.334 -19.5327
 139.52 -19.5576
 139.714 -19.5836
 139.931 -19.6736
 140.125 -19.6995
 140.306 -19.7238
 140.516 -19.838
 140.743 -19.9005
 140.961 -19.963
 141.154 -20.1172
 141.34 -20.1425
 141.551 -20.1711
 141.762 -20.2004
 141.957 -20.2317
 142.148 -20.2577
 142.334 -20.2756
 142.536 -20.3029
 142.724 -20.3342
 142.916 -20.3554
 143.092 -20.3866
 143.284 -20.4126
 143.499 -20.434
 143.702 -20.434
 143.889 -20.4653
 144.081 -20.4852
 144.264 -20.5164
 144.467 -20.5477
 144.67 -20.5435
 144.873 -20.5748
 145.076 -20.606
 145.264 -20.6236
 145.467 -20.6508
 145.665 -20.6775
 145.859 -20.7006
 146.059 -20.7006
 146.261 -20.7278
 146.45 -20.7482
 146.638 -20.7795
 146.831 -20.8054
 147.034 -20.8318
 147.236 -20.859
 147.423 -20.859
 147.634 -20.8571
 147.833 -20.8884
 148.036 -20.9155
 148.239 -20.9445
 148.423 -20.9757
 148.622 -21.007
 148.816 -21.0325
 149.128 -21.0741
 149.421 -21.1046
 149.519 -21.1046
 149.612 -21.1359
 149.798 -21.1607
 149.993 -21.1903
 150.183 -21.2157
 150.373 -21.2408
 150.568 -21.2391
 150.779 -21.3016
 150.973 -21.3273
 151.169 -21.3614
 151.368 -21.3614
 151.563 -21.3926
 151.736 -21.4123
 151.948 -21.4403
 152.143 -21.4715
 152.331 -21.5063
 152.624 -21.5688
 152.807 -21.6001
 152.909 -21.6129
 152.998 -21.6129
 153.178 -21.6441
 153.28 -21.6441
 153.565 -21.6782
 153.669 -21.6919
 153.861 -21.6919
 154.048 -21.7232
 154.242 -21.7499
 154.34 -21.7628
 154.633 -21.794
 154.832 -21.8249
 155.027 -21.8507
 155.127 -21.864
 155.51 -21.9304
 155.714 -21.9617
 155.925 -21.9896
 156.027 -21.9922
 156.21 -21.9922
 156.429 -22.0547
 156.606 -22.0816
 156.805 -22.1128
 157.003 -22.1388
 157.207 -22.2054
 157.418 -22.2367
 157.615 -22.2627
 157.92 -22.2999
 158.225 -22.3624
 158.424 -22.3932
 158.622 -22.4192
 158.814 -22.4504
 159.017 -22.4878
 159.228 -22.5503
 159.439 -22.5815
 159.642 -22.6122
 159.841 -22.6434
 160.037 -22.6747
 160.217 -22.7126
 160.396 -22.7438
 160.596 -22.7751
 160.815 -22.8402
 161.011 -22.866
 161.195 -22.8973
 161.381 -22.9241
 161.584 -22.9554
 161.871 -22.993
 162.074 -23.0239
 162.268 -23.0495
 162.37 -23.0629
 162.581 -23.0633
 162.762 -23.087
 162.956 -23.1125
 163.142 -23.1364
 163.333 -23.1676
 163.545 -23.1952
 163.647 -23.21
 163.946 -23.2491
 164.204 -23.28
 164.309 -23.2938
 164.419 -23.325
 164.622 -23.325
 164.716 -23.3558
 165.007 -23.3937
 165.202 -23.4249
 165.406 -23.4514
 165.605 -23.4826
 165.785 -23.5139
 165.965 -23.546
 166.176 -23.6085
 166.387 -23.6358
 166.582 -23.6641
 166.768 -23.6882
 166.959 -23.7194
 167.157 -23.7446
 167.36 -23.7758
 167.53 -23.7978
 167.724 -23.8232
 167.935 -23.8857
 168.138 -23.8857
 168.349 -23.9226
 168.552 -23.9489
 168.739 -23.9802
 168.927 -23.9814
 169.13 -24.0126
 169.321 -24.0439
 169.52 -24.0762
 169.715 -24.1074
 169.918 -24.1074
 170.117 -24.1104
 170.32 -24.1366
 170.502 -24.1599
 170.696 -24.1891
 170.895 -24.2204
 171.091 -24.2516
 171.285 -24.2797
 171.473 -24.311
 171.664 -24.3422
 171.883 -24.4072
 172.064 -24.4304
 172.283 -24.4304
 172.474 -24.4662
 172.674 -24.4974
 172.865 -24.5287
 173.062 -24.5549
 173.245 -24.5549
 173.456 -24.6174
 173.659 -24.6452
 173.85 -24.6452
 174.042 -24.6764
 174.239 -24.7048
 174.442 -24.7048
 174.622 -24.7048
 174.812 -24.7291
 175.008 -24.7291
 175.202 -24.7541
 175.401 -24.7894
 175.609 -24.8207
 175.806 -24.8461
 176.014 -24.8752
 176.22 -24.9016
 176.399 -24.9016
 176.587 -24.9058
 176.775 -24.9371
 176.978 -24.9683
 177.177 -25.0011
 177.364 -25.0323
 177.554 -25.0567
 177.758 -25.0912
 177.976 -25.0912
 178.171 -25.1162
 178.37 -25.1175
 178.542 -25.1487
 178.761 -25.1487
 178.968 -25.1879
 179.155 -25.2191
 179.429 -25.2504
 179.749 -25.2551
 179.851 -25.2682
 179.949 -25.2682
 180.043 -25.2682
 180.152 -25.2994
 180.328 -25.3358
 180.514 -25.3596
 180.717 -25.3856
 180.912 -25.392
 181.107 -25.4169
 181.306 -25.4169
 181.513 -25.4584
 181.716 -25.4843
 182.021 -25.521
 182.212 -25.5453
 182.409 -25.5705
 182.621 -25.6442
 182.812 -25.6754
 182.992 -25.6754
 183.2 -25.7078
 183.399 -25.7391
 183.606 -25.7391
 183.778 -25.781
 183.981 -25.8067
 184.18 -25.838
 184.392 -25.8453
 184.595 -25.871
 184.784 -25.8951
 184.988 -25.9278
 185.195 -25.9591
 185.39 -25.9836
 185.576 -26.0142
 185.775 -26.0454
 185.974 -26.0454
 186.178 -26.0871
 186.389 -26.1139
 186.587 -26.1389
 186.79 -26.1713
 186.989 -26.2026
 187.193 -26.2283
 187.388 -26.236
 187.578 -26.26
 187.764 -26.2837
 187.975 -26.3542
 188.163 -26.3854
 188.35 -26.4167
 188.556 -26.4523
 188.759 -26.4779
 188.958 -26.5092
 189.132 -26.5406
 189.343 -26.5674
 189.55 -26.5986
 189.77 -26.6375
 189.956 -26.661
 190.144 -26.6922
 190.338 -26.7244
 190.76 -26.7869
 190.952 -26.8309
 191.15 -26.8559
 191.353 -26.8559
 191.548 -26.8896
 191.734 -26.9131
 191.93 -26.9444
 192.133 -26.9778
 192.36 -26.9778
 192.555 -27.0091
 192.743 -27.0192
 192.932 -27.043
 193.127 -27.0743
 193.338 -27.0796
 193.534 -27.1109
 193.729 -27.1354
 193.918 -27.1657
 194.125 -27.1969
 194.328 -27.2225
 194.524 -27.2607
 194.718 -27.2853
 194.921 -27.3165
 195.116 -27.3442
 195.303 -27.3754
 195.503 -27.3754
 195.693 -27.4035
 195.881 -27.4348
 196.075 -27.4591
 196.271 -27.4954
 196.466 -27.5267
 196.665 -27.5579
 196.857 -27.5932
 197.051 -27.6175
 197.352 -27.6487
 197.643 -27.688
 197.745 -27.688
 197.841 -27.7001
 198.153 -27.7664
 198.337 -27.7977
 198.523 -27.8208
 198.726 -27.8553
 199.144 -27.9073
 199.343 -27.9416
 199.527 -27.9728
 199.726 -28.0041
 199.938 -28.0328
 200.127 -28.0562
 200.322 -28.0804
 200.525 -28.0841
 200.729 -28.1154
 200.928 -28.1466
 201.111 -28.1493
 201.314 -28.1744
 201.514 -28.1744
 201.709 -28.2071
 201.908 -28.2383
 202.098 -28.2616
 202.285 -28.2959
 202.488 -28.3209
 202.682 -28.3449
 202.893 -28.4091
 203.083 -28.4325
 203.277 -28.4566
 203.472 -28.481
 203.663 -28.5123
 203.859 -28.5123
 204.062 -28.5447
 204.273 -28.5707
 204.461 -28.6019
 204.65 -28.6261
 204.863 -28.6522
 205.054 -28.6834
 205.25 -28.7144
 205.429 -28.7456
 205.624 -28.7695
 205.823 -28.8005
 206.05 -28.863
 206.245 -28.8868
 206.44 -28.918
 206.638 -28.9423
 206.833 -28.9662
 207.047 -29.0274
 207.243 -29.0587
 207.422 -29.0899
 207.625 -29.1194
 207.833 -29.1506
 208.035 -29.1754
 208.227 -29.1742
 208.422 -29.1742
 208.629 -29.2054
 208.832 -29.2275
 209.024 -29.2588
 209.218 -29.2826
 209.421 -29.3093
 209.624 -29.3406
 209.831 -29.3718
 210.019 -29.4001
 210.214 -29.4314
 210.426 -29.4571
 210.609 -29.4537
 210.797 -29.485
 210.984 -29.485
 211.175 -29.513
 211.359 -29.5442
 211.586 -29.5442
 211.789 -29.6032
 211.972 -29.6345
 212.168 -29.6657
 212.359 -29.6914
 212.553 -29.7149
 212.842 -29.7462
 213.134 -29.7771
 213.24 -29.7771
 213.349 -29.8396
 213.447 -29.8396
 213.548 -29.8396
 213.728 -29.8636
 213.931 -29.8882
 214.134 -29.9128
 214.337 -29.9367
 214.514 -29.9581
 214.688 -29.9791
 214.883 -29.9692
 215.094 -29.9692
 215.296 -29.9937
 215.57 -30.016
 215.874 -30.0528
 215.983 -30.084
 216.073 -30.0753
 216.165 -30.0865
 216.341 -30.1177
 216.729 -30.1546
 216.941 -30.18
 217.131 -30.2029
 217.228 -30.2036
 217.333 -30.2348
 217.531 -30.2586
 217.738 -30.2817
 217.922 -30.3129
 218.121 -30.3442
 218.329 -30.361
 218.519 -30.3837
 218.722 -30.4149
 218.905 -30.4085
 219.101 -30.4397
 219.295 -30.463
 219.499 -30.4818
 219.698 -30.4818
 219.887 -30.5045
 220.083 -30.5292
 220.472 -30.5755
 220.667 -30.6048
 220.865 -30.6282
 221.076 -30.6534
 221.279 -30.6704
 221.483 -30.7017
 221.678 -30.7329
 221.861 -30.7608
 222.065 -30.7849
 222.287 -30.8474
 222.49 -30.8628
 222.682 -30.894
 222.863 -30.9154
 223.054 -30.9475
 223.249 -30.9788
 223.445 -31.01
 223.635 -31.0294
 223.819 -31.0607
 224.026 -31.0919
 224.221 -31.1082
 224.41 -31.1306
 224.617 -31.1306
 224.813 -31.1572
 225.033 -31.183
 225.236 -31.2143
 225.412 -31.2097
 225.603 -31.2097
 225.794 -31.241
 226.014 -31.2632
 226.204 -31.2854
 226.39 -31.3072
 226.59 -31.3325
 226.785 -31.3638
 226.979 -31.3865
 227.159 -31.4104
 227.358 -31.4416
 227.569 -31.4416
 227.768 -31.4649
 227.968 -31.4962
 228.167 -31.5274
 228.361 -31.5423
 228.556 -31.5735
 228.768 -31.5982
 228.963 -31.6189
 229.159 -31.6189
 229.346 -31.6502
 229.549 -31.6719
 229.764 -31.7344
 229.962 -31.7576
 230.148 -31.7682
 230.344 -31.7994
 230.668 -31.8539
 230.854 -31.8757
 231.038 -31.9069
 231.144 -31.9069
 231.245 -31.8953
 231.545 -31.9304
 231.753 -31.945
 231.944 -31.945
 232.132 -31.945
 232.343 -31.996
 232.534 -32.0273
 232.726 -32.0585
 232.911 -32.0684
 233.105 -32.0911
 233.402 -32.1223
 233.597 -32.134
 233.699 -32.134
 233.792 -32.1448
 233.889 -32.176
 234.19 -32.1926
 234.405 -32.2551
 234.589 -32.2863
 234.686 -32.283
 234.963 -32.3143
 235.17 -32.3455
 235.377 -32.3566
 235.554 -32.3771
 235.749 -32.3998
 235.944 -32.4044
 236.148 -32.428
 236.335 -32.4593
 236.53 -32.4678
 236.733 -32.4991
 236.944 -32.5616
 237.126 -32.5652
 237.312 -32.5867
 237.507 -32.6092
 237.71 -32.6145
 237.913 -32.638
 238.078 -32.6569
 238.273 -32.6638
 238.476 -32.6874
 238.696 -32.7127
 238.902 -32.72
 239.08 -32.7405
 239.283 -32.764
 239.478 -32.7766
 239.684 -32.8002
 239.87 -32.8214
 240.057 -32.8234
 240.251 -32.8459
 240.464 -32.8701
 240.661 -32.8807
 240.847 -32.9019
 241.038 -32.9238
 241.236 -32.9287
 241.456 -32.9537
 241.663 -32.977
 241.87 -33.0024
 242.061 -33.0337
 242.251 -33.0551
 242.439 -33.0704
 242.62 -33.0909
 242.815 -33.1222
 243.03 -33.1143
 243.245 -33.1143
 243.436 -33.1456
 243.63 -33.1568
 243.808 -33.1769
 244.011 -33.2
 244.21 -33.2222
 244.417 -33.2456
 244.603 -33.2668
 244.802 -33.2856
 244.997 -33.3077
 245.196 -33.339
 245.384 -33.3609
 245.571 -33.3922
 245.766 -33.4142
 245.965 -33.4338
 246.172 -33.4338
 246.362 -33.4553
 246.557 -33.4458
 246.768 -33.5083
 246.95 -33.5289
 247.141 -33.5461
 247.332 -33.5774
 247.543 -33.5774
 247.758 -33.5846
 247.953 -33.5846
 248.152 -33.6158
 248.347 -33.6287
 248.533 -33.6498
 248.808 -33.6808
 249.075 -33.6992
 249.18 -33.6992
 249.403 -33.7617
 249.786 -33.7731
 249.981 -33.7951
 250.195 -33.8576
 250.416 -33.8746
 250.623 -33.8978
 250.8 -33.9177
 250.986 -33.9339
 251.201 -33.9582
 251.41 -33.9816
 251.601 -33.9981
 251.786 -34.0188
 251.955 -34.0379
 252.184 -34.0469
 252.404 -34.0717
 252.578 -34.0912
 252.769 -34.1272
 252.941 -34.1585
 253.156 -34.1825
 253.355 -34.2003
 253.554 -34.2316
 253.74 -34.2525
 253.945 -34.2785
 254.133 -34.3098
 254.319 -34.3306
 254.483 -34.3263
 254.695 -34.3503
 254.91 -34.3744
 255.105 -34.4158
 255.297 -34.4158
 255.488 -34.4471
 255.695 -34.4756
 255.902 -34.5381
 256.105 -34.5609
 256.291 -34.5878
 256.479 -34.6191
 256.69 -34.643
 256.905 -34.6692
 257.1 -34.7005
 257.287 -34.7216
 257.49 -34.7629
 257.696 -34.7862
 257.887 -34.8175
 258.081 -34.8405
 258.281 -34.8405
 258.486 -34.8637
 258.698 -34.8988
 258.893 -34.8988
 259.088 -34.9207
 259.291 -34.9519
 259.498 -34.9752
 259.692 -34.9971
 259.872 -35.0378
 260.058 -35.0588
 260.273 -35.083
 260.484 -35.1143
 260.703 -35.1768
 260.877 -35.1962
 261.062 -35.2278
 261.269 -35.2511
 261.472 -35.2738
 261.68 -35.3067
 261.862 -35.3271
 262.048 -35.348
 262.247 -35.3799
 262.446 -35.4112
 262.64 -35.433
 262.847 -35.4443
 263.045 -35.4666
 263.26 -35.5291
 263.467 -35.5713
 263.653 -35.5922
 263.919 -35.6547
 264.131 -35.6924
 264.236 -35.6924
 264.443 -35.7237
 264.633 -35.7576
 264.841 -35.7809
 265.047 -35.804
 265.242 -35.8414
 265.411 -35.8603
 265.595 -35.8603
 265.812 -35.8974
 266.027 -35.9214
 266.221 -35.9431
 266.496 -35.9905
 266.699 -36.0134
 266.805 -36.0253
 267.008 -36.0705
 267.098 -36.0806
 267.487 -36.1246
 267.684 -36.1634
 267.902 -36.1634
 267.992 -36.1634
 268.195 -36.2105
 268.368 -36.2301
 268.564 -36.2614
 268.771 -36.2787
 268.974 -36.3099
 269.172 -36.3323
 269.375 -36.3725
 269.587 -36.3963
 269.861 -36.4273
 270.128 -36.4765
 270.234 -36.4886
 270.339 -36.5006
 270.445 -36.5006
 270.73 -36.5502
 270.907 -36.5704
 271.111 -36.5936
 271.322 -36.6361
 271.529 -36.6673
 271.719 -36.6889
 271.887 -36.7279
 272.099 -36.7521
 272.319 -36.7771
 272.608 -36.8309
 272.803 -36.853
 272.904 -36.853
 273.01 -36.865
 273.213 -36.9203
 273.322 -36.9828
 273.517 -37.0141
 273.699 -37.0347
 273.894 -37.0582
 274.097 -37.0894
 274.3 -37.1125
 274.499 -37.1599
 274.874 -37.1911
 275.064 -37.2485
 275.276 -37.2724
 275.368 -37.2829
 275.571 -37.3393
 275.774 -37.3624
 275.97 -37.3624
 276.156 -37.4097
 276.336 -37.4409
 276.539 -37.4641
 276.637 -37.4641
 276.734 -37.5015
 276.925 -37.5328
 277.124 -37.564
 277.513 -37.6339
 277.699 -37.6549
 277.898 -37.6549
 277.996 -37.6658
 278.097 -37.7059
 278.3 -37.7059
 278.487 -37.7269
 278.698 -37.7772
 278.888 -37.7985
 279.091 -37.8213
 279.299 -37.8689
 279.497 -37.8911
 279.68 -37.9223
 279.871 -37.9781
 280.057 -37.999
 280.268 -38.0303
 280.463 -38.0844
 280.658 -38.1063
 280.857 -38.1063
 281.048 -38.159
 281.251 -38.1903
 281.446 -38.2215
 281.629 -38.2739
 281.833 -38.3052
 282.01 -38.3251
 282.225 -38.4084
 282.42 -38.4397
 282.6 -38.4397
 282.785 -38.4824
 283 -38.4824
 283.188 -38.5137
 283.391 -38.5595
 283.574 -38.5907
 283.761 -38.6116
 283.971 -38.691
 284.174 -38.7137
 284.366 -38.7137
 284.555 -38.7499
 284.739 -38.7499
 284.946 -38.7499
 285.157 -38.7912
 285.344 -38.8122
 285.531 -38.8122
 285.718 -38.8554
 285.902 -38.8867
 286.113 -38.9105
 286.312 -38.9546
 286.515 -38.9775
 286.719 -39.0003
 286.91 -39.0444
 287.09 -39.0756
 287.289 -39.1069
 287.491 -39.1422
 287.695 -39.1422
 287.886 -39.1735
 288.073 -39.2177
 288.284 -39.2177
 288.476 -39.2177
 288.682 -39.2632
 288.866 -39.2632
 289.065 -39.2944
 289.256 -39.3386
 289.459 -39.3698
 289.662 -39.3698
 289.861 -39.4127
 290.057 -39.4439
 290.346 -39.4752
 290.545 -39.5165
 290.752 -39.5165
 290.964 -39.5403
 291.167 -39.5863
 291.362 -39.5863
 291.56 -39.6085
 291.757 -39.6401
 292.16 -39.7026
 292.351 -39.7113
 292.537 -39.7322
 292.644 -39.744
 292.737 -39.7753
 293.12 -39.8193
 293.319 -39.8193
 293.511 -39.8506
 293.731 -39.887
 293.918 -39.9183
 294.116 -39.9404
 294.319 -39.9854
 294.53 -39.9854
 294.725 -39.9854
 294.916 -40.0182
 295.108 -40.0182
 295.303 -40.0495
 295.506 -40.0882
 295.729 -40.0882
 295.916 -40.1195
 296.1 -40.166
 296.286 -40.1868
 296.477 -40.218
 296.703 -40.2356
 296.881 -40.2554
 297.084 -40.278
 297.279 -40.3163
 297.486 -40.3163
 297.669 -40.3163
 297.865 -40.3562
 298.068 -40.3787
 298.255 -40.4099
 298.428 -40.4425
 298.623 -40.4641
 298.84 -40.4881
 299.027 -40.5002
 299.23 -40.5227
 299.422 -40.5227
 299.617 -40.5649
 299.8 -40.5962
 300.004 -40.5962
 300.421 -40.6509
 300.617 -40.6724
 300.8 -40.7037
 301.012 -40.7351
 301.187 -40.7351
 301.394 -40.7663
 301.593 -40.7761
 301.8 -40.8073
 301.992 -40.8386
 302.19 -40.8683
 302.385 -40.8898
 302.58 -40.921
 302.78 -40.9545
 302.968 -40.9545
 303.167 -40.9545
 303.36 -40.9854
 303.571 -41.0479
 303.761 -41.0687
 303.96 -41.113
 304.158 -41.1347
 304.361 -41.1571
 304.564 -41.1717
 304.759 -41.203
 304.954 -41.2342
 305.15 -41.2664
 305.352 -41.2886
 305.534 -41.3085
 305.8 -41.3541
 306.019 -41.3541
 306.233 -41.3775
 306.424 -41.4217
 306.606 -41.4416
 306.786 -41.4729
 306.981 -41.4906
 307.193 -41.5137
 307.388 -41.5349
 307.578 -41.5534
 307.764 -41.5737
 307.959 -41.5948
 308.162 -41.6393
 308.361 -41.6706
 308.565 -41.6925
 308.744 -41.7408
 308.943 -41.772
 309.155 -41.7949
 309.334 -41.8485
 309.529 -41.8697
 309.716 -41.8697
 309.907 -41.9194
 310.115 -41.942
 310.305 -41.9626
 310.499 -42.002
 310.694 -42.0232
 310.882 -42.0232
 311.077 -42.0745
 311.263 -42.0946
 311.449 -42.1148
 311.655 -42.1539
 311.878 -42.1539
 312.073 -42.1539
 312.268 -42.1911
 312.451 -42.1911
 312.664 -42.2141
 312.863 -42.259
 313.067 -42.281
 313.258 -42.3122
 313.457 -42.3594
 313.671 -42.3826
 313.851 -42.4138
 314.034 -42.4566
 314.221 -42.4767
 314.416 -42.4767
 314.621 -42.5136
 314.805 -42.5336
 314.992 -42.5539
 315.186 -42.6006
 315.405 -42.6631
 315.6 -42.6843
 315.799 -42.6985
 315.979 -42.6985
 316.174 -42.7196
 316.385 -42.7574
 316.592 -42.7887
 316.788 -42.7887
 316.971 -42.831
 317.183 -42.854
 317.371 -42.8852
 317.561 -42.9201
 317.749 -42.9201
 317.955 -42.9422
 318.166 -42.9783
 318.373 -43.0096
 318.568 -43.0304
 318.766 -43.0616
 318.981 -43.0616
 319.176 -43.0928
 319.367 -43.1005
 319.545 -43.1195
 319.752 -43.1195
 319.972 -43.1543
 320.175 -43.1761
 320.343 -43.1761
 320.623 -43.2133
 320.916 -43.2445
 321.013 -43.2549
 321.208 -43.2915
 321.31 -43.2915
 321.517 -43.3228
 321.715 -43.3491
 321.918 -43.3707
 322.1 -43.3901
 322.308 -43.4173
 322.512 -43.4391
 322.703 -43.4391
 322.881 -43.4663
 323.062 -43.4856
 323.262 -43.5168
 323.484 -43.5211
 323.696 -43.5436
 324.157 -43.6088
 324.36 -43.6305
 324.462 -43.6305
 324.661 -43.6661
 324.852 -43.6661
 325.045 -43.6866
 325.258 -43.7142
 325.443 -43.7338
 325.634 -43.7651
 325.826 -43.7991
 326.038 -43.8215
 326.241 -43.8215
 326.515 -43.8546
 326.706 -43.8858
 326.817 -43.8974
 326.926 -43.8974
 327.031 -43.9016
 327.242 -43.9016
 327.424 -43.9209
 327.615 -43.954
 327.798 -43.9731
 328.005 -44.0356
 328.215 -44.0646
 328.391 -44.0646
 328.569 -44.0833
 328.755 -44.1043
 328.966 -44.1043
 329.254 -44.1346
 329.457 -44.1566
 329.555 -44.1879
 329.66 -44.1879
 329.867 -44.2095
 330.074 -44.2439
 330.249 -44.2752
 330.427 -44.2938
 330.63 -44.315
 330.853 -44.315
 331.044 -44.315
 331.22 -44.3405
 331.416 -44.3718
 331.619 -44.3718
 331.822 -44.3924
 332.006 -44.4236
 332.191 -44.443
 332.395 -44.4415
 332.594 -44.4415
 332.802 -44.4633
 332.986 -44.4548
 333.182 -44.486
 333.387 -44.5074
 333.578 -44.4999
 333.769 -44.5198
 333.953 -44.551
 334.16 -44.5469
 334.363 -44.5469
 334.57 -44.5469
 334.754 -44.5675
 334.938 -44.5988
 335.145 -44.5988
 335.36 -44.6158
 335.548 -44.6158
 335.727 -44.647
 335.923 -44.656
 336.143 -44.6788
 336.339 -44.71
 336.526 -44.7315
 336.713 -44.7509
 336.912 -44.7509
 337.116 -44.7737
 337.311 -44.8049
 337.496 -44.8241
 337.695 -44.8429
 337.91 -44.9054
 338.101 -44.9253
 338.293 -44.9504
 338.488 -44.9706
 338.695 -45.0019
 338.903 -45.0147
 339.114 -45.0147
 339.301 -45.0147
 339.489 -45.007
 339.68 -45.007
 339.89 -45.0287
 340.085 -45.0391
 340.269 -45.0703
 340.476 -45.1016
 340.683 -45.1157
 340.879 -45.1157
 341.07 -45.1469
 341.235 -45.1559
 341.438 -45.1872
 341.661 -45.1872
 341.848 -45.1995
 342.031 -45.2307
 342.227 -45.262
 342.416 -45.2815
 342.623 -45.2815
 342.818 -45.3016
 343.017 -45.3229
 343.208 -45.3425
 343.415 -45.3425
 343.61 -45.3623
 343.789 -45.3623
 343.969 -45.3935
 344.196 -45.3939
 344.393 -45.4141
 344.698 -45.4452
 344.865 -45.4452
 344.975 -45.4452
 345.186 -45.4764
 345.384 -45.4963
 345.57 -45.5153
 345.738 -45.5466
 345.953 -45.6087
 346.172 -45.6087
 346.362 -45.6281
 346.549 -45.6471
 346.732 -45.6471
 346.947 -45.6471
 347.142 -45.6663
 347.32 -45.6844
 347.508 -45.6844
 347.809 -45.7148
 348.023 -45.7773
 348.117 -45.7773
 348.22 -45.7877
 348.302 -45.7877
 348.589 -45.8162
 348.796 -45.8474
 348.898 -45.8576
 348.984 -45.8576
 349.183 -45.8872
 349.378 -45.9185
 349.577 -45.9384
 349.781 -45.958
 349.984 -45.9783
 350.171 -45.9968
 350.374 -46.0265
 350.581 -46.0265
 350.767 -46.0451
 350.955 -46.0439
 351.138 -46.0751
 351.35 -46.0961
 351.553 -46.1177
 351.748 -46.137
 351.927 -46.1546
 352.11 -46.1844
 352.337 -46.2067
 352.542 -46.227
 352.738 -46.2589
 352.919 -46.2768
 353.123 -46.2969
 353.34 -46.3201
 353.54 -46.3514
 353.727 -46.3514
 353.901 -46.3692
 354.114 -46.3901
 354.324 -46.4526
 354.523 -46.4572
 354.723 -46.4572
 354.914 -46.4885
 355.134 -46.515
 355.338 -46.5349
 355.517 -46.5662
 355.689 -46.6004
 355.888 -46.6004
 356.111 -46.6004
 356.305 -46.6217
 356.501 -46.653
 356.674 -46.6699
 356.885 -46.6712
 357.1 -46.6712
 357.307 -46.7025
 357.498 -46.7343
 357.68 -46.752
 357.891 -46.8145
 358.071 -46.8143
 358.25 -46.8456
 358.446 -46.8456
 358.657 -46.8627
 358.883 -46.8845
 359.066 -46.9158
 359.25 -46.9416
 359.434 -46.9728
 359.629 -47.0041
 359.844 -46.9968
 360.059 -46.9968
 360.239 -46.9968
 360.443 -47.0023
 360.677 -47.0249
 360.869 -47.0249
 361.064 -47.0456
 361.246 -47.0632
 361.453 -47.0632
 361.661 -47.0763
 361.841 -47.1076
 362.044 -47.1076
 362.251 -47.1077
 362.466 -47.1702
 362.657 -47.2015
 362.931 -47.2088
 363.198 -47.2344
 363.3 -47.2657
 363.402 -47.2657
 363.606 -47.2693
 363.8 -47.2878
 363.998 -47.3067
 364.195 -47.2904
 364.39 -47.3217
 364.57 -47.3529
 364.766 -47.3167
 364.958 -47.3167
 365.153 -47.3353
 365.444 -47.3223
 365.631 -47.34
 365.742 -47.3505
 365.84 -47.3505
 365.948 -47.312
 366.147 -47.3432
 366.338 -47.3432
 366.516 -47.3221
 366.711 -47.3405
 366.94 -47.3621
 367.137 -47.3588
 367.318 -47.3761
 367.514 -47.3761
 367.731 -47.324
 367.934 -47.3553
 368.121 -47.3729
 368.304 -47.3432
 368.511 -47.3745
 368.841 -47.3265
 369.037 -47.3577
 369.216 -47.3577
 369.423 -47.3487
 369.623 -47.4112
 369.818 -47.4425
 370.019 -47.3996
 370.202 -47.3996
 370.413 -47.4621
 370.627 -47.4322
 370.823 -47.4504
 371.022 -47.4816
 371.203 -47.4746
 371.415 -47.4942
 371.622 -47.5255
 371.807 -47.4947
 371.998 -47.4947
 372.189 -47.5124
 372.394 -47.4828
 372.589 -47.5141
 372.769 -47.5141
 372.966 -47.5032
 373.17 -47.5219
 373.382 -47.5415
 373.575 -47.5033
 373.758 -47.5033
 373.957 -47.5346
 374.177 -47.4937
 374.372 -47.5115
 374.571 -47.5297
 374.761 -47.5046
 374.956 -47.5224
 375.171 -47.5849
 375.387 -47.5501
 375.568 -47.5665
 375.755 -47.5977
 375.953 -47.5393
 376.166 -47.5586
 376.378 -47.5779
 376.559 -47.5451
 376.754 -47.5627
 376.949 -47.5802
 377.159 -47.5386
 377.341 -47.5551
 377.548 -47.5863
 377.753 -47.5432
 377.974 -47.5631
 378.166 -47.5943
 378.367 -47.5815
 378.545 -47.5975
 378.74 -47.615
 378.955 -47.5691
 379.139 -47.6003
 379.338 -47.6316
 379.547 -47.5785
 379.75 -47.5966
 379.945 -47.5966
 380.125 -47.5695
 380.334 -47.5881
 380.533 -47.6058
 380.751 -47.5434
 380.934 -47.5434
 381.133 -47.5746
 381.335 -47.5536
 381.534 -47.5848
 381.749 -47.5848
 381.958 -47.6125
 382.136 -47.6282
 382.331 -47.6454
 382.528 -47.6309
 382.743 -47.6934
 382.933 -47.7103
 383.126 -47.6824
 383.32 -47.6995
 383.649 -47.686
 383.95 -47.7173
 384.048 -47.7259
 384.155 -47.6954
 384.354 -47.7266
 384.557 -47.7444
 384.646 -47.7523
 384.737 -47.7317
 384.922 -47.7479
 385.133 -47.7479
 385.341 -47.7268
 385.532 -47.7268
 385.717 -47.7429
 385.919 -47.7405
 386.122 -47.7582
 386.314 -47.7582
 386.492 -47.7647
 386.863 -47.8272
 387.165 -47.834
 387.368 -47.8516
 387.458 -47.8516
 387.657 -47.8516
 387.861 -47.858
 388.064 -47.8893
 388.244 -47.8893
 388.435 -47.8923
 388.642 -47.8923
 388.853 -47.8923
 389.051 -47.912
 389.238 -47.928
 389.426 -47.9442
 389.629 -47.9625
 389.929 -47.9937
 390.123 -48.0599
 390.221 -48.0599
 390.42 -48.0912
 390.604 -48.1224
 390.808 -48.1293
 391.007 -48.1605
 391.194 -48.1605
 391.39 -48.2051
 391.595 -48.2227
 391.794 -48.2539
 391.993 -48.2697
 392.2 -48.301
 392.488 -48.3255
 392.695 -48.3585
 392.879 -48.3585
 392.988 -48.3585
 393.183 -48.3897
 393.382 -48.4342
 393.581 -48.4655
 393.782 -48.4825
 393.955 -48.502
 394.15 -48.5186
 394.341 -48.5348
 394.545 -48.5448
 394.732 -48.576
 394.931 -48.576
 395.127 -48.6024
 395.34 -48.6203
 395.543 -48.6516
 395.722 -48.6572
 395.998 -48.6805
 396.202 -48.6979
 396.302 -48.7155
 396.396 -48.7467
 396.494 -48.755
 396.681 -48.7863
 396.899 -48.7861
 397.107 -48.8035
 397.319 -48.8215
 397.506 -48.8295
 397.696 -48.8456
 397.907 -48.8456
 398.106 -48.8819
 398.294 -48.8819
 398.583 -48.9131
 398.787 -48.9119
 398.88 -48.9198
 398.983 -48.9284
 399.17 -48.9284
 399.384 -48.945
 399.583 -48.945
 399.787 -48.9621
 399.885 -48.9861
 400.166 -49.0174
 400.381 -49.0174
 400.585 -49.0577
 400.785 -49.0577
 400.976 -49.089
 401.154 -49.1151
 401.358 -49.1322
 401.561 -49.1322
 401.763 -49.1603
 401.958 -49.1603
 402.161 -49.1915
 402.352 -49.2066
 402.556 -49.2236
 402.759 -49.2404
 402.947 -49.2317
 403.15 -49.2629
 403.338 -49.2629
 403.551 -49.2751
 403.751 -49.3063
 403.95 -49.3376
 404.157 -49.3271
 404.364 -49.3443
 404.561 -49.3607
 404.741 -49.3729
 404.929 -49.4041
 405.141 -49.4217
 405.346 -49.4099
 405.526 -49.4099
 405.725 -49.4265
 405.93 -49.4222
 406.137 -49.4534
 406.336 -49.4534
 406.516 -49.4372
 406.714 -49.4537
 406.927 -49.4711
 407.135 -49.4448
 407.314 -49.476
 407.506 -49.476
 407.698 -49.4573
 407.902 -49.474
 408.114 -49.4915
 408.315 -49.4522
 408.51 -49.4835
 408.698 -49.4835
 408.898 -49.4905
 409.101 -49.5072
 409.3 -49.5236
 409.498 -49.4971
 409.693 -49.4971
 409.888 -49.5284
 410.088 -49.5105
 410.272 -49.5418
 410.463 -49.5418
 410.664 -49.5355
 410.863 -49.5355
 411.051 -49.5355
 411.248 -49.497
 411.447 -49.497
 411.639 -49.5282
 411.839 -49.4976
 412.031 -49.5289
 412.242 -49.5461
 412.455 -49.5001
 412.635 -49.5313
 412.842 -49.5313
 413.027 -49.5064
 413.232 -49.523
 413.427 -49.523
 413.624 -49.4829
 413.909 -49.5141
 414.113 -49.5306
 414.218 -49.4724
 414.41 -49.5037
 414.617 -49.5037
 414.818 -49.4931
 415.013 -49.5243
 415.211 -49.5402
 415.41 -49.4963
 415.613 -49.5276
 415.796 -49.5422
 416.007 -49.4523
 416.194 -49.4673
 416.381 -49.4673
 416.68 -49.3682
 416.884 -49.3845
 417.088 -49.4006
 417.193 -49.325
 417.38 -49.325
 417.579 -49.3563
 417.792 -49.2329
 417.996 -49.2489
 418.18 -49.2801
 418.379 -49.19
 418.582 -49.206
 418.778 -49.2214
 418.986 -49.1051
 419.166 -49.1363
 419.353 -49.1363
 419.56 -49.0007
 419.869 -49.0632
 420.065 -48.9521
 420.261 -48.9834
 420.362 -48.9912
 420.553 -49.0224
 420.769 -48.8902
 420.957 -48.9215
 421.133 -48.9215
 421.344 -48.8598
 421.551 -48.9223
 421.766 -48.9223
 421.955 -48.8388
 422.149 -48.8537
 422.438 -48.8754
 422.648 -48.7623
 422.745 -48.7623
 422.853 -48.7703
 423.226 -48.6966
 423.226 -48.6966
 423.201 -48.6927
 423.201 -48.6927
 423.201 -48.6927
 423.201 -48.6927
 423.201 -48.6927
 423.201 -48.6927
 423.201 -48.6927
 423.201 -48.6927
 423.201 -48.6927
 423.201 -48.6927
 423.201 -48.6927
 423.201 -48.6927
 423.201 -48.6927
 423.201 -48.6927
 423.201 -48.6927
 423.201 -48.6927
 423.201 -48.6927
 423.201 -48.6927
 423.201 -48.6927
 423.201 -48.6927
 423.201 -48.6927
 423.201 -48.6927
 423.201 -48.6927
 423.201 -48.6927
 423.201 -48.6927
 423.201 -48.6927
 423.201 -48.6927
 423.201 -48.6927
 423.201 -48.6927
 423.201 -48.6927
 423.201 -48.6927
 423.201 -48.6927
 423.201 -48.6927
 423.201 -48.6927
 423.201 -48.6927
 423.201 -48.6927
 423.201 -48.6927
 423.201 -48.6927
 423.201 -48.6927
 423.201 -48.6927
 423.201 -48.6927
 423.201 -48.6927
 423.201 -48.6927
 423.201 -48.6927
 423.201 -48.6927
 423.201 -48.6927
 423.201 -48.6927
 423.201 -48.6927
 423.201 -48.6927
 423.201 -48.6927
 423.201 -48.6927
 423.201 -48.6927
 423.201 -48.6927
 423.201 -48.6927
 423.201 -48.6927
 423.201 -48.6927
 423.201 -48.6927
 423.201 -48.6927
 423.201 -48.6927
 423.201 -48.6927
 423.201 -48.6927
 423.201 -48.6927
 423.201 -48.6927
 423.201 -48.6927
 423.201 -48.6927
 423.201 -48.6927
 423.201 -48.6927
 423.201 -48.6927
 423.201 -48.6927
 423.201 -48.6927
 423.201 -48.6927
 423.201 -48.6927
 423.201 -48.6927
 423.201 -48.6927
 423.201 -48.6927
 423.201 -48.6927
 423.201 -48.6927
 423.201 -48.6927
 423.201 -48.6927
 423.201 -48.6927
 423.201 -48.6927
 423.201 -48.6927
 423.201 -48.6927
 423.201 -48.6927
 423.201 -48.6927
 423.201 -48.6927
 423.201 -48.6927
 423.201 -48.6927
 423.201 -48.6927
 423.201 -48.6927
 423.201 -48.6927
 423.201 -48.6927
 423.201 -48.6927
 423.201 -48.6927
 423.201 -48.6927
 423.201 -48.6927
 423.201 -48.6927
 423.201 -48.6927
 423.201 -48.6927
 423.201 -48.6927
 423.201 -48.6927
 423.201 -48.6927
 423.201 -48.6927
 423.201 -48.6927
 423.201 -48.6927
 423.201 -48.6927
 423.201 -48.6927
 423.201 -48.6927
 423.201 -48.6927
 423.201 -48.6927
 423.201 -48.6927
 423.201 -48.6927
 423.201 -48.6927
 423.201 -48.6927
 423.201 -48.6927
 423.201 -48.6927
 423.201 -48.6927
 423.201 -48.6927
 423.201 -48.6927
 423.201 -48.6927
 423.201 -48.6927
 423.201 -48.6927
 423.201 -48.6927
 423.201 -48.6927
 423.201 -48.6927
 423.201 -48.6927
 423.201 -48.6927
 423.201 -48.6927
 423.201 -48.6927
 423.201 -48.6927
 423.201 -48.6927
 423.201 -48.6927
 423.201 -48.6927
 423.201 -48.6927
 423.201 -48.6927
 423.201 -48.6927
 423.201 -48.6927
 423.201 -48.6927
 423.201 -48.6927
 423.201 -48.6927
 423.201 -48.6927
 423.201 -48.6927
 423.201 -48.6927
 423.201 -48.6927
 423.201 -48.6927
 423.201 -48.6927
 423.201 -48.6927
 423.201 -48.6927
 423.201 -48.6927
 423.201 -48.6927
 423.201 -48.6927
 423.201 -48.6927
 423.201 -48.6927
 423.201 -48.6927
 423.201 -48.6927
 423.201 -48.6927
 423.201 -48.6927
 423.201 -48.6927
 423.201 -48.6927
 423.201 -48.6927
 423.201 -48.6927
 423.201 -48.6927
 423.201 -48.6927
 423.201 -48.6927
 423.201 -48.6927
 423.201 -48.6927
 423.201 -48.6927
 423.201 -48.6927
 423.201 -48.6927
 423.201 -48.6927
 423.201 -48.6927
 423.201 -48.6927
 423.201 -48.6927
 423.201 -48.6927
 423.201 -48.6927
 423.201 -48.6927
 423.201 -48.6927
 423.201 -48.6927
 423.201 -48.6927
 423.201 -48.6927
 423.201 -48.6927
 423.201 -48.6927
 423.201 -48.6927
 423.201 -48.6927
 423.201 -48.6927
 423.201 -48.6927
 423.201 -48.6927
 423.201 -48.6927
 423.201 -48.6927
 423.201 -48.6927
 423.201 -48.6927
 423.201 -48.6927
 423.201 -48.6927
 423.201 -48.6927
 423.201 -48.6927
 423.201 -48.6927
 423.201 -48.6927
 423.201 -48.6927
 423.201 -48.6927
 423.201 -48.6927
 423.201 -48.6927
 423.201 -48.6927
 423.201 -48.6927
 423.201 -48.6927
 423.201 -48.6927
 423.201 -48.6927
 423.201 -48.6927
 423.201 -48.6927
 423.201 -48.6927
 423.201 -48.6927
 423.201 -48.6927
 423.201 -48.6927
 423.201 -48.6927
 423.201 -48.6927
 423.201 -48.6927
 423.201 -48.6927
 423.201 -48.6927
 423.201 -48.6927
 423.201 -48.6927
 423.201 -48.6927
 423.201 -48.6927
 423.201 -48.6927
 423.201 -48.6927
 423.201 -48.6927
 423.201 -48.6927
 423.201 -48.6927
 423.201 -48.6927
 423.201 -48.6927
 423.201 -48.6927
 423.201 -48.6927
 423.201 -48.6927
 423.201 -48.6927
 423.201 -48.6927
 423.201 -48.6927
 423.201 -48.6927
 423.201 -48.6927
 423.201 -48.6927
 423.201 -48.6927
 423.201 -48.6927
 423.201 -48.6927
 423.201 -48.6927
 423.201 -48.6927
 423.201 -48.6927
 423.201 -48.6927
 423.201 -48.6927
 423.201 -48.6927
 423.201 -48.6927
 423.201 -48.6927
 423.201 -48.6927
 423.201 -48.6927
 423.201 -48.6927
 423.201 -48.6927
 423.201 -48.6927
 423.201 -48.6927
 423.201 -48.6927
 423.201 -48.6927
 423.201 -48.6927
 423.201 -48.6927
 423.201 -48.6927
 423.201 -48.6927
 423.201 -48.6927
 423.201 -48.6927
 423.201 -48.6927
 423.201 -48.6927
 423.201 -48.6927
 423.201 -48.6927
 423.201 -48.6927
 423.201 -48.6927
 423.201 -48.6927
 423.201 -48.6927
 423.201 -48.6927
 423.201 -48.6927
 423.201 -48.6927
 423.201 -48.6927
 423.201 -48.6927
 423.201 -48.6927
 423.201 -48.6927
 423.201 -48.6927
 423.201 -48.6927
 423.201 -48.6927
 423.201 -48.6927
 423.201 -48.6927
 423.201 -48.6927
 423.201 -48.6927
 423.201 -48.6927
 423.201 -48.6927
 423.201 -48.6927
 423.201 -48.6927
 423.201 -48.6927
 423.201 -48.6927
 423.201 -48.6927
 423.201 -48.6927
 423.201 -48.6927
 423.201 -48.6927
 423.201 -48.6927
 423.201 -48.6927
 423.201 -48.6927
 423.201 -48.6927
 423.201 -48.6927
 423.201 -48.6927
 423.201 -48.6927
 423.201 -48.6927
 423.201 -48.6927
 423.201 -48.6927
 423.201 -48.6927
 423.201 -48.6927
 423.201 -48.6927
 423.201 -48.6927
 423.201 -48.6927
 423.201 -48.6927
 423.201 -48.6927
 423.201 -48.6927
 423.201 -48.6927
 423.201 -48.6927
 423.201 -48.6927
 423.201 -48.6927
 423.201 -48.6927
 423.201 -48.6927
 423.201 -48.6927
 423.201 -48.6927
 423.201 -48.6927
 423.201 -48.6927
 423.201 -48.6927
 423.201 -48.6927
 423.201 -48.6927
 423.201 -48.6927
 423.201 -48.6927
 423.201 -48.6927
 423.201 -48.6927
 423.201 -48.6927
 423.201 -48.6927
 423.201 -48.6927
 423.201 -48.6927
 423.201 -48.6927
 423.201 -48.6927
 423.201 -48.6927
 423.201 -48.6927
 423.201 -48.6927
 423.201 -48.6927
 423.201 -48.6927
 423.201 -48.6927
 423.201 -48.6927
 423.201 -48.6927
 423.201 -48.6927
 423.201 -48.6927
 423.201 -48.6927
 423.201 -48.6927
 423.201 -48.6927
 423.201 -48.6927
 423.201 -48.6927
 423.201 -48.6927
 423.201 -48.6927
 423.201 -48.6927
 423.201 -48.6927
 423.201 -48.6927
 423.201 -48.6927
 423.201 -48.6927
 423.201 -48.6927
 423.201 -48.6927
 423.201 -48.6927
 423.201 -48.6927
 423.201 -48.6927
 423.201 -48.6927
 423.201 -48.6927
 423.201 -48.6927
 423.201 -48.6927
 423.201 -48.6927
 423.201 -48.6927
 423.201 -48.6927
 423.201 -48.6927
 423.201 -48.6927
 423.201 -48.6927
 423.201 -48.6927
 423.201 -48.6927
 423.201 -48.6927
 423.201 -48.6927
 423.201 -48.6927
 423.201 -48.6927
 423.201 -48.6927
 423.201 -48.6927
 423.201 -48.6927
 423.201 -48.6927
 423.201 -48.6927
 423.201 -48.6927
 423.201 -48.6927
 423.201 -48.6927
 423.201 -48.6927
 423.201 -48.6927
 423.201 -48.6927
 423.201 -48.6927
 423.201 -48.6927
 423.201 -48.6927
 423.201 -48.6927
 423.201 -48.6927
 423.201 -48.6927
 423.201 -48.6927
 423.201 -48.6927
 423.201 -48.6927
 423.201 -48.6927
 423.201 -48.6927
 423.201 -48.6927
 423.201 -48.6927
 423.201 -48.6927
 423.201 -48.6927
 423.201 -48.6927
 423.201 -48.6927
 423.201 -48.6927
 423.201 -48.6927
 423.201 -48.6927
 423.201 -48.6927
 423.201 -48.6927
 423.201 -48.6927
 423.201 -48.6927
 423.201 -48.6927
 423.201 -48.6927
 423.201 -48.6927
 423.201 -48.6927
 423.201 -48.6927
 423.201 -48.6927
 423.201 -48.6927
 423.201 -48.6927
 423.201 -48.6927
 423.201 -48.6927
 423.201 -48.6927
 423.201 -48.6927
 423.201 -48.6927
 423.201 -48.6927
 423.201 -48.6927
