0     0     0     
0     0     -5.59952e-05     -54.1511     30.4277     -91.3016     28.4552     -88.4179     -8.23141     -51.7826     -5.87856     -71.4334     11.147     56.3678     37.1312     19.2463     34.4488     20.9642     -1.80929     57.4903     0.155273     38.3495     17.6637     
71.3779     -11.1854     -0.0608319     19.2004     22.5688     -17.9573     22.7409     -17.3808     -14.0864     19.3746     -13.9162     0.818954     4.26663     129.893     22.3383     92.6829     22.1535     92.1922     -14.3904     128.776     -14.3845     110.701     4.10537     
70.152     -12.2658     0.0623453     15.3013     18.322     -21.6528     19.6941     -19.6489     -19.2015     17.7156     -17.8142     -2.03003     -0.140604     127.954     24.3639     89.9868     22.5479     91.2248     -12.3116     128.333     -12.3932     108.789     5.77668     
171.208     1097.72     -3.4694     -689.519     1651.05     -1295.85     1654.54     -1304.59     1050.59     -660.137     1054.31     -971.581     1347.72     1198.25     1681.67     514.984     1634.9     493.008     1051.02     1089.84     1044.57     794.763     1340.06     
30522.5     180123     0.894434     -102462     265301     -197411     265885     -195557     172221     -101342     172800     -149054     218858     180005     266474     84065.2     264201     82748.5     172595     176342     172117     130589     219414     
5.2505e+06     3.11719e+07     -0.976627     -1.7747e+07     4.59082e+07     -3.41694e+07     4.60132e+07     -3.38397e+07     2.98089e+07     -1.75824e+07     2.99128e+07     -2.58233e+07     3.78843e+07     3.10277e+07     4.6082e+07     1.45206e+07     4.57182e+07     1.43024e+07     2.98599e+07     3.04992e+07     2.97755e+07     2.25914e+07     3.79712e+07     
9.06317e+08     5.37959e+09     -1.90359     -3.0626e+09     7.92283e+09     -5.89679e+09     7.94096e+09     -5.83989e+09     5.1444e+09     -3.03425e+09     5.16235e+09     -4.45644e+09     6.53808e+09     5.35488e+09     7.95281e+09     2.50618e+09     7.89e+09     2.46851e+09     5.15313e+09     5.26379e+09     5.13855e+09     3.89907e+09     6.55299e+09     
1.56366e+11     9.28118e+11     -4.65999     -5.28376e+11     1.36689e+12     -1.01735e+12     1.37002e+12     -1.00753e+12     8.87541e+11     -5.23484e+11     8.90638e+11     -7.6885e+11     1.12799e+12     9.23859e+11     1.37207e+12     4.32385e+11     1.36123e+12     4.25886e+11     8.89048e+11     9.08145e+11     8.86532e+11     6.72696e+11     1.13056e+12     
2.69777e+13     1.60127e+14     0.392106     -9.11601e+13     2.35829e+14     -1.75522e+14     2.36368e+14     -1.73828e+14     1.53126e+14     -9.03161e+13     1.53661e+14     -1.32649e+14     1.94611e+14     1.59392e+14     2.36721e+14     7.45989e+13     2.34851e+14     7.34776e+13     1.53386e+14     1.56681e+14     1.52952e+14     1.16059e+14     1.95054e+14     
4.65441e+15     2.76265e+16     -4.3456     -1.57277e+16     4.06871e+16     -3.02825e+16     4.07802e+16     -2.99903e+16     2.64186e+16     -1.55821e+16     2.65108e+16     -2.28857e+16     3.35758e+16     2.74997e+16     4.08411e+16     1.28704e+16     4.05185e+16     1.2677e+16     2.64635e+16     2.70319e+16     2.63886e+16     2.00235e+16     3.36524e+16     
8.0302e+17     4.76636e+18     0.93762     -2.71348e+18     7.01969e+18     -5.2246e+18     7.03576e+18     -5.17419e+18     4.55798e+18     -2.68836e+18     4.57388e+18     -3.94844e+18     5.7928e+18     4.74449e+18     7.04626e+18     2.22052e+18     6.99061e+18     2.18714e+18     4.56572e+18     4.66379e+18     4.55279e+18     3.45463e+18     5.80601e+18     
