 100 62.1143 2.62971
 101 95.6331 2.83953
 102 88.8002 -3.04871
 103 52.1153 -3.0285
 104 72.2979 2.98685
 85 67.4985 0.582545
 86 39.4607 1.06136
 87 21.0421 -0.0860343
 88 57.4905 0.00275684
 89 42.222 0.431688
 100 62.1436 2.62822
 101 95.5603 2.83948
 102 88.8061 -3.04809
 103 52.0749 -3.0283
 104 72.2311 2.98683
 85 67.4382 0.58109
 86 39.5649 1.063
 87 21.0592 -0.0919544
 88 57.4869 0.00515445
 89 42.1918 0.431685
 100 62.1277 2.62861
 101 95.5632 2.83853
 102 88.909 -3.04812
 103 52.0749 -3.0283
 104 72.2736 2.98684
 85 67.5749 0.581251
 86 39.5542 1.06283
 87 21.0498 -0.0887387
 88 57.4485 0.00503419
 89 42.2367 0.432346
 100 62.146 2.62893
 101 95.6597 2.83883
 102 88.8002 -3.04871
 103 52.1153 -3.0285
 104 72.2941 2.98656
 85 67.4382 0.58109
 86 39.5649 1.063
 87 21.0592 -0.0919544
 88 57.4869 0.00515445
 89 42.1916 0.431824
 100 62.1705 2.62832
 101 95.6185 2.83991
 102 88.801 -3.04809
 103 52.1157 -3.02833
 104 72.2786 2.98681
 85 67.4783 0.582058
 86 39.5542 1.06283
 87 21.0498 -0.0887387
 88 57.487 0.00507074
 89 42.2176 0.432445
 100 62.1277 2.62861
 101 95.6572 2.8389
 102 88.7995 -3.04926
 103 52.0803 -3.0262
 104 72.2863 2.9866
 85 67.3488 0.581841
 86 39.5649 1.063
 87 21.0498 -0.0887387
 88 57.5182 0.00509963
 89 42.2049 0.431951
 100 62.1496 2.62884
 101 95.5922 2.83865
 102 88.8061 -3.04809
 103 52.1157 -3.02833
 104 72.2859 2.98662
 85 67.3488 0.581841
 86 39.5649 1.063
 87 21.0498 -0.0887387
 88 57.5182 0.00509963
 89 42.1776 0.432202
 100 62.1655 2.62845
 101 95.6251 2.83974
 102 88.801 -3.04809
 103 52.1157 -3.02833
 104 72.2789 2.98691
 85 67.4584 0.581578
 86 39.4714 1.06153
 87 21.0498 -0.0887387
 88 57.487 0.00507074
 89 42.2199 0.431431
 100 62.1406 2.62906
 101 95.5749 2.83822
 102 88.9067 -3.04944
 103 52.1152 -3.02853
 104 72.2755 2.98633
 85 67.3488 0.581841
 86 39.5649 1.063
 87 21.0421 -0.0860343
 88 57.5222 0.00278476
 89 42.1938 0.431687
 100 62.1277 2.62861
 101 95.6282 2.83879
 102 88.9029 -3.04874
 103 52.0745 -3.02846
 104 72.2827 2.98663
 85 67.4449 0.581033
 86 39.5649 1.063
 87 21.0592 -0.0919544
 88 57.4797 0.00514766
 89 42.1845 0.431779
 100 62.1659 2.62768
 101 95.5825 2.84085
 102 88.801 -3.04809
 103 52.0749 -3.0283
 104 72.2711 2.98691
 85 67.3488 0.581841
 86 39.5649 1.063
 87 21.0592 -0.0919544
 88 57.5181 0.00518467
 89 42.1716 0.431531
 100 62.1655 2.62845
 101 95.6251 2.83974
 102 88.801 -3.04809
 103 52.1157 -3.02833
 104 72.2843 2.98681
 85 67.3886 0.582809
 86 39.5542 1.06283
 87 21.0592 -0.0919544
 88 57.5181 0.00518467
 89 42.1943 0.431762
