size id c0x y c1x y c2x y c3x y center_x y 
2 20 -54.1589 30.5182 -91.3015 28.4286 -88.4131 -8.2914 -51.7818 -5.88992 -71.4028 11.1228 17 56.273 37.0512 19.2632 34.4639 21.013 -1.80547 57.5147 0.159821 38.3566 17.6344 
2 20 -54.1589 30.5182 -91.2325 28.4325 -88.4261 -8.18754 -51.7746 -5.99889 -71.3856 11.1158 17 56.4862 37.066 19.2438 34.4626 20.9643 -1.80811 57.4441 0.155991 38.365 17.6468 
2 20 -54.152 30.4132 -91.2051 28.4774 -88.5249 -8.24327 -51.7823 -5.88147 -71.415 11.1149 17 56.3669 37.0958 19.2585 34.5612 21.0191 -1.93077 57.4861 0.296312 38.3494 17.6728 
2 20 -54.1336 30.5289 -91.2007 28.4166 -88.5249 -8.24327 -51.7416 -5.87886 -71.4069 11.129 17 56.3669 37.0958 19.2585 34.5612 21.0163 -1.87365 57.4901 0.163335 38.3586 17.6571 
2 20 -54.1615 30.5587 -91.2925 28.3141 -88.4189 -8.21744 -51.7896 -5.7693 -71.4305 11.1677 17 56.2667 37.0124 19.2386 34.5725 20.9703 -1.93376 57.5173 0.298211 38.2946 17.6524 
2 20 -54.133 30.5197 -91.3015 28.4286 -88.4174 -8.23637 -51.7416 -5.87886 -71.3914 11.1445 17 56.2667 37.0124 19.2386 34.5725 20.9703 -1.93376 57.5173 0.298211 38.3027 17.6448 
2 20 -54.13 30.4741 -91.2799 28.5482 -88.52 -8.24295 -51.7416 -5.87886 -71.4302 11.1512 17 56.3718 36.9354 19.2376 34.5928 20.9676 -1.87637 57.4901 0.163335 38.323 17.6314 
2 20 -54.1657 30.6233 -91.2976 28.3787 -88.4131 -8.2914 -51.7818 -5.88992 -71.4271 11.1682 17 56.1718 37.0062 19.2386 34.5725 20.9703 -1.93376 57.5412 0.299683 38.2909 17.6588 
2 20 -54.1559 30.4728 -91.3108 28.5466 -88.4174 -8.23637 -51.7823 -5.88147 -71.4305 11.1588 17 56.3669 37.0958 19.2392 34.5599 20.967 -1.86549 57.4862 0.2915 38.3275 17.6897 
2 20 -54.157 30.4893 -91.2775 28.5163 -88.52 -8.24295 -51.7823 -5.88147 -71.4468 11.1515 17 56.2667 37.0124 19.2386 34.5725 20.967 -1.86549 57.5175 0.29332 38.3027 17.6757 
2 20 -54.1589 30.5182 -91.3015 28.4286 -88.4131 -8.2914 -51.7818 -5.88992 -71.4063 11.1366 17 56.4795 37.0264 19.2386 34.5725 20.9703 -1.93376 57.4477 0.293953 38.3376 17.6664 
2 20 -54.1528 30.4247 -91.3032 28.4501 -88.4174 -8.23637 -51.7823 -5.88147 -71.434 11.143 17 56.3657 37.1344 19.2444 34.4499 20.9643 -1.80811 57.4903 0.158492 38.3486 17.6658 
2 20 -54.133 30.5197 -91.2325 28.4325 -88.4182 -8.29173 -51.7411 -5.88725 -71.3678 11.1339 17 56.3692 37.0192 19.2386 34.5725 20.9703 -1.93376 57.4861 0.296312 38.3212 17.6531 
2 20 -54.1311 30.4907 -91.2082 28.52 -88.5209 -8.29847 -51.7411 -5.88725 -71.4099 11.1403 17 56.4775 37.1033 19.2392 34.5599 20.967 -1.86549 57.4478 0.289205 38.3503 17.6973 
2 20 -54.1565 30.4826 -91.3088 28.5214 -88.4174 -8.23637 -51.7823 -5.88147 -71.4271 11.1627 17 56.3692 37.0192 19.2386 34.5725 20.9703 -1.93376 57.4861 0.296312 38.3186 17.6584 
2 20 -54.1595 30.5274 -91.3002 28.411 -88.4131 -8.2914 -51.7818 -5.88992 -71.4145 11.143 17 56.3669 37.0958 19.2392 34.5599 20.967 -1.86549 57.4862 0.2915 38.3312 17.6931 
2 20 -54.1311 30.4907 -91.3083 28.5147 -88.4213 -8.18726 -51.7339 -5.99647 -71.4197 11.1591 17 56.2667 37.0124 19.2386 34.5725 20.967 -1.86549 57.5175 0.29332 38.3284 17.6688 
2 20 -54.157 30.4893 -91.2391 28.5184 -88.4182 -8.29173 -51.7818 -5.88992 -71.4195 11.1579 17 56.2667 37.0124 19.2386 34.5725 20.967 -1.86549 57.5175 0.29332 38.2992 17.667 
2 20 -54.1589 30.5182 -91.3015 28.4286 -88.4131 -8.2914 -51.7818 -5.88992 -71.4158 11.136 17 56.368 37.0578 19.2438 34.4626 20.967 -1.86549 57.4862 0.2915 38.3512 17.6551 
2 20 -54.1559 30.4728 -91.2106 28.5518 -88.5294 -8.18153 -51.7824 -5.87979 -71.4061 11.1765 17 56.2667 37.0124 19.2386 34.5725 20.9643 -1.80811 57.522 0.160185 38.323 17.654 
2 20 -54.1311 30.4907 -91.2775 28.5163 -88.52 -8.24295 -51.7416 -5.87886 -71.4166 11.1561 17 56.3769 37.0197 19.2386 34.5725 20.9703 -1.93376 57.4789 0.295884 38.3129 17.6537 
2 20 -54.1357 30.5603 -91.2925 28.3141 -88.4131 -8.2914 -51.7411 -5.88725 -71.4082 11.1348 17 56.2667 37.0124 19.2386 34.5725 20.9703 -1.93376 57.5173 0.298211 38.3055 17.6388 
2 20 -54.1589 30.5182 -91.3015 28.4286 -88.4131 -8.2914 -51.7818 -5.88992 -71.4201 11.1439 17 56.2641 37.0888 19.2392 34.5599 20.9703 -1.93376 57.5173 0.298211 38.3222 17.6571 
