size id c0x y c1x y c2x y c3x y center_x y 
2 20 261.993 134.37 266.022 63.0815 336.827 68.6254 332.196 138.932 299.392 101.273 17 249.396 346.322 254.385 275.289 324.32 278.647 320.531 348.705 286.836 311.935 
2 20 261.993 134.37 266.015 63.214 336.626 68.6003 332.406 138.946 299.405 101.306 17 249.367 346.731 254.387 275.252 324.325 278.554 320.538 348.57 286.812 311.951 
2 20 262.195 134.383 265.928 63.2666 336.734 68.4107 332.18 138.931 299.407 101.25 17 249.31 346.502 254.197 275.28 324.562 278.659 320.267 348.65 286.762 311.921 
2 20 261.972 134.418 266.045 63.2751 336.734 68.4107 332.175 139.009 299.38 101.265 17 249.31 346.502 254.197 275.28 324.452 278.654 320.524 348.658 286.792 311.939 
2 20 261.915 134.365 266.243 63.0988 336.684 68.6142 331.963 138.917 299.305 101.22 17 249.471 346.31 254.175 275.242 324.568 278.565 320.264 348.71 286.801 311.816 
2 20 261.99 134.419 266.022 63.0815 336.72 68.6171 332.175 139.009 299.35 101.295 17 249.471 346.31 254.175 275.242 324.568 278.565 320.264 348.71 286.816 311.832 
2 20 262.078 134.425 265.792 63.1231 336.733 68.4202 332.175 139.009 299.337 101.221 17 249.619 346.512 254.136 275.24 324.457 278.56 320.524 348.658 286.842 311.871 
2 20 261.79 134.356 266.118 63.0891 336.827 68.6254 332.196 138.932 299.304 101.227 17 249.483 346.128 254.175 275.242 324.568 278.565 320.261 348.756 286.789 311.809 
2 20 262.081 134.375 265.795 63.0637 336.72 68.6171 332.18 138.931 299.322 101.22 17 249.31 346.502 254.2 275.243 324.436 278.559 320.277 348.651 286.729 311.879 
2 20 262.049 134.373 265.853 63.1277 336.733 68.4202 332.18 138.931 299.336 101.189 17 249.471 346.31 254.175 275.242 324.436 278.559 320.273 348.71 286.756 311.832 
2 20 261.993 134.37 266.022 63.0815 336.827 68.6254 332.196 138.932 299.365 101.266 17 249.444 346.718 254.175 275.242 324.568 278.565 320.272 348.577 286.774 311.898 
2 20 262.173 134.381 265.981 63.0783 336.72 68.6171 332.18 138.931 299.353 101.213 17 249.236 346.5 254.412 275.253 324.325 278.554 320.533 348.658 286.775 311.92 
2 20 261.99 134.419 266.015 63.214 336.827 68.6156 332.191 139.01 299.37 101.34 17 249.458 346.507 254.175 275.242 324.568 278.565 320.267 348.65 286.8 311.867 
2 20 262.046 134.423 265.846 63.2606 336.84 68.4184 332.191 139.01 299.358 101.26 17 249.295 346.714 254.2 275.243 324.436 278.559 320.281 348.577 286.715 311.923 
2 20 262.062 134.374 265.843 63.0675 336.72 68.6171 332.18 138.931 299.315 101.227 17 249.458 346.507 254.175 275.242 324.568 278.565 320.267 348.65 286.79 311.862 
2 20 261.975 134.368 266.056 63.0842 336.827 68.6254 332.196 138.932 299.353 101.251 17 249.31 346.502 254.2 275.243 324.436 278.559 320.277 348.651 286.723 311.886 
2 20 262.046 134.423 265.856 63.0685 336.626 68.6097 332.401 139.024 299.322 101.241 17 249.471 346.31 254.175 275.242 324.436 278.559 320.273 348.71 286.77 311.881 
2 20 262.049 134.373 265.849 63.2014 336.827 68.6156 332.196 138.932 299.324 101.241 17 249.471 346.31 254.175 275.242 324.436 278.559 320.273 348.71 286.773 311.825 
2 20 261.993 134.37 266.022 63.0815 336.827 68.6254 332.196 138.932 299.366 101.248 17 249.383 346.504 254.387 275.252 324.436 278.559 320.277 348.651 286.796 311.925 
2 20 262.081 134.375 265.785 63.2562 336.615 68.402 332.176 138.931 299.288 101.267 17 249.471 346.31 254.175 275.242 324.325 278.554 320.53 348.719 286.798 311.871 
2 20 262.046 134.423 265.853 63.1277 336.733 68.4202 332.175 139.009 299.327 101.247 17 249.457 346.521 254.175 275.242 324.568 278.565 320.268 348.637 286.799 311.851 
2 20 261.912 134.414 266.243 63.0988 336.827 68.6254 332.191 139.01 299.368 101.263 17 249.471 346.31 254.175 275.242 324.568 278.565 320.264 348.71 286.827 311.837 
2 20 261.993 134.37 266.022 63.0815 336.827 68.6254 332.196 138.932 299.351 101.24 17 249.323 346.305 254.2 275.243 324.568 278.565 320.264 348.71 286.792 311.869 
