 
  0 45.8489  120.572  1 8.69836  122.545  2 11.5821  159.231  3 48.2174  156.879  4 28.5666  139.853  5 156.368  113.869  6 119.246  116.551  7 120.964  152.809  8 157.49  150.845  9 138.35  133.336 
  0 119.2  128.431  1 82.0427  128.259  2 82.6192  165.086  3 119.375  164.916  4 100.819  146.733  5 229.893  128.662  6 192.683  128.846  7 192.192  165.39  8 228.776  165.384  9 210.701  146.895 
  0 115.301  132.678  1 78.3472  131.306  2 80.3511  170.202  3 117.716  168.814  4 97.97  151.141  5 227.954  126.636  6 189.987  128.452  7 191.225  163.312  8 228.333  163.393  9 208.789  145.223 
  0 -589.519  -1500.05  1 -1195.85  -1503.54  2 -1204.59  -899.59  3 -560.137  -903.309  4 -871.581  -1196.72  5 1298.25  -1530.67  6 614.984  -1483.9  7 593.008  -900.02  8 1189.84  -893.574  9 894.763  -1189.06 
  0 -102362  -265150  1 -197311  -265734  2 -195457  -172070  3 -101242  -172650  4 -148954  -218707  5 180105  -266323  6 84165.2  -264050  7 82848.5  -172444  8 176442  -171966  9 130689  -219263 
  0 -1.77469e+07  -4.5908e+07  1 -3.41693e+07  -4.6013e+07  2 -3.38396e+07  -2.98087e+07  3 -1.75823e+07  -2.99126e+07  4 -2.58232e+07  -3.78841e+07  5 3.10278e+07  -4.60819e+07  6 1.45207e+07  -4.57181e+07  7 1.43025e+07  -2.98597e+07  8 3.04993e+07  -2.97754e+07  9 2.25915e+07  -3.79711e+07 
  0 -3.0626e+09  -7.92283e+09  1 -5.89679e+09  -7.94096e+09  2 -5.83989e+09  -5.1444e+09  3 -3.03425e+09  -5.16235e+09  4 -4.45644e+09  -6.53808e+09  5 5.35488e+09  -7.95281e+09  6 2.50618e+09  -7.89e+09  7 2.46851e+09  -5.15313e+09  8 5.26379e+09  -5.13855e+09  9 3.89907e+09  -6.55299e+09 
  0 -5.28376e+11  -1.36689e+12  1 -1.01735e+12  -1.37002e+12  2 -1.00753e+12  -8.87541e+11  3 -5.23484e+11  -8.90638e+11  4 -7.6885e+11  -1.12799e+12  5 9.23859e+11  -1.37207e+12  6 4.32385e+11  -1.36123e+12  7 4.25886e+11  -8.89048e+11  8 9.08145e+11  -8.86532e+11  9 6.72696e+11  -1.13056e+12 
  0 -9.11601e+13  -2.35829e+14  1 -1.75522e+14  -2.36368e+14  2 -1.73828e+14  -1.53126e+14  3 -9.03161e+13  -1.53661e+14  4 -1.32649e+14  -1.94611e+14  5 1.59392e+14  -2.36721e+14  6 7.45989e+13  -2.34851e+14  7 7.34776e+13  -1.53386e+14  8 1.56681e+14  -1.52952e+14  9 1.16059e+14  -1.95054e+14 
  0 -1.57277e+16  -4.06871e+16  1 -3.02825e+16  -4.07802e+16  2 -2.99903e+16  -2.64186e+16  3 -1.55821e+16  -2.65108e+16  4 -2.28857e+16  -3.35758e+16  5 2.74997e+16  -4.08411e+16  6 1.28704e+16  -4.05185e+16  7 1.2677e+16  -2.64635e+16  8 2.70319e+16  -2.63886e+16  9 2.00235e+16  -3.36524e+16 
  0 -2.71348e+18  -7.01969e+18  1 -5.2246e+18  -7.03576e+18  2 -5.17419e+18  -4.55798e+18  3 -2.68836e+18  -4.57388e+18  4 -3.94844e+18  -5.7928e+18  5 4.74449e+18  -7.04626e+18  6 2.22052e+18  -6.99061e+18  7 2.18714e+18  -4.56572e+18  8 4.66379e+18  -4.55279e+18  9 3.45463e+18  -5.80601e+18 
