1437123164.785631431    1437123164.790848939
1437123164.805638255    1437123164.815735443
1437123164.845554751    1437123164.853458802
1437123164.885681504    1437123164.880591704
1437123164.905702274    1437123164.907502268
1437123164.925487004    1437123164.934209025
1437123164.964473397    1437123164.961951243
1437123164.984444379    1437123164.988391300
1437123165.004427691    1437123165.013315193
1437123165.044417651    1437123165.039812066
1437123165.064337328    1437123165.066521103
1437123165.084389137    1437123165.093213774
1437123165.125676874    1437123165.119352709
1437123165.143278156    1437123165.144955190
1437123165.163273246    1437123165.171232299
1437123165.203193110    1437123165.197787812
1437123165.223191518    1437123165.223395626
1437123165.243152689    1437123165.248376631
1437123165.283166104    1437123165.274608399
1437123165.303182718    1437123165.301083701
1437123165.323126355    1437123165.327200857
1437123165.362100625    1437123165.353643344
1437123165.441961671    1437123165.432147853
