 0 0
 0 0
 -5.33307e-12 -1.18623e-12
 -1.17903e-11 -6.46808e-12
 1.32913e-11 6.81433e-12
 4.25027e-11 4.64324e-11
 2.80789e-11 3.60151e-11
 1.25123e-11 2.78573e-11
 4.11998e-11 5.24142e-11
 3.66123e-11 2.69358e-11
 1.11646e-11 2.98549e-11
 6.14348e-12 4.90544e-11
 2.20942e-11 5.25394e-11
 4.18872e-11 5.71541e-11
 3.44266e-11 4.13015e-11
 2.01182e-11 3.37885e-11
 3.81885e-11 4.0909e-11
 3.00889e-11 3.2091e-11
 5.71543e-11 3.71321e-11
 6.95458e-11 1.64627e-11
 5.5735e-11 8.55038e-12
 6.2458e-11 -8.72959e-12
 9.12798e-11 -9.84988e-12
 1.84045e-10 -2.14926e-11
 2.12475e-10 -1.19965e-10
 2.32924e-10 -1.04401e-10
 3.40624e-10 -3.68857e-11
 3.4193e-10 -2.80144e-11
 3.34978e-10 -5.52386e-11
 3.50775e-10 -8.59092e-11
 3.75039e-10 -1.23577e-10
 4.18693e-10 -1.84194e-10
 4.31246e-10 -1.93022e-10
 4.46012e-10 -2.55215e-10
 4.64908e-10 -2.42575e-10
 5.54891e-10 -2.9803e-10
 5.69587e-10 -2.91741e-10
 6.27149e-10 -3.25011e-10
 6.69828e-10 -3.54814e-10
 7.74205e-10 -4.04644e-10
 7.89837e-10 -4.31076e-10
 7.6778e-10 -4.45581e-10
 7.83855e-10 -4.70482e-10
 7.79579e-10 -4.84487e-10
 8.06699e-10 -4.12222e-10
 8.55507e-10 -5.15558e-10
 9.20214e-10 -4.9882e-10
 9.54218e-10 -5.42842e-10
 1.03255e-09 -5.91192e-10
 1.03424e-09 -6.41113e-10
 1.11996e-09 -6.69812e-10
 1.12944e-09 -6.82115e-10
 1.22304e-09 -6.66192e-10
 1.24774e-09 -6.53438e-10
 1.2798e-09 -6.16242e-10
 1.25479e-09 -5.77449e-10
 1.25595e-09 -5.9403e-10
 1.24919e-09 -6.15887e-10
 1.35326e-09 -6.5469e-10
 1.42578e-09 -6.98032e-10
 1.39564e-09 -6.70205e-10
 1.48701e-09 -6.91923e-10
 1.57314e-09 -6.41517e-10
 1.66566e-09 -6.69184e-10
 1.80414e-09 -7.51925e-10
 1.85691e-09 -7.67059e-10
 1.9435e-09 -7.98203e-10
 2.01879e-09 -7.71975e-10
 2.0991e-09 -8.1892e-10
 2.17412e-09 -8.88217e-10
 2.23706e-09 -8.57902e-10
 2.26296e-09 -9.92132e-10
 2.36997e-09 -9.94991e-10
 2.38868e-09 -1.0267e-09
 2.36907e-09 -1.05424e-09
 2.45032e-09 -1.1088e-09
 2.57303e-09 -1.10136e-09
 2.68701e-09 -1.06337e-09
 2.76911e-09 -1.12877e-09
 2.77726e-09 -1.16864e-09
 2.83001e-09 -1.25544e-09
 2.82517e-09 -1.26828e-09
 2.9188e-09 -1.35967e-09
 2.96421e-09 -1.3661e-09
 3.0556e-09 -1.41507e-09
 3.04913e-09 -1.37742e-09
 3.06619e-09 -1.42567e-09
 3.08616e-09 -1.37561e-09
 3.14452e-09 -1.47702e-09
 3.07683e-09 -1.45873e-09
 3.04816e-09 -1.44938e-09
 3.02425e-09 -1.37859e-09
 2.96831e-09 -1.34629e-09
 3.00549e-09 -1.39385e-09
 3.03137e-09 -1.37077e-09
 3.03712e-09 -1.35695e-09
 3.06846e-09 -1.41953e-09
 3.07387e-09 -1.39508e-09
 3.12505e-09 -1.46148e-09
 3.13767e-09 -1.54055e-09
 3.11115e-09 -1.48093e-09
 3.18355e-09 -1.51292e-09
 3.22632e-09 -1.46973e-09
 3.25339e-09 -1.37674e-09
 3.22458e-09 -1.34535e-09
 3.26601e-09 -1.41397e-09
 3.21657e-09 -1.47593e-09
 3.30973e-09 -1.47447e-09
 3.24602e-09 -1.56507e-09
 3.25489e-09 -1.57068e-09
 3.15119e-09 -1.7631e-09
 3.12733e-09 -1.96424e-09
 3.20504e-09 -1.96796e-09
 3.22673e-09 -1.95054e-09
 3.24733e-09 -2.06004e-09
 3.32261e-09 -2.09006e-09
 3.34439e-09 -2.18987e-09
 3.38356e-09 -2.27871e-09
 3.23449e-09 -2.28851e-09
 3.19696e-09 -2.30263e-09
 3.21897e-09 -2.42024e-09
 3.23048e-09 -2.41962e-09
 3.27642e-09 -2.41613e-09
 3.19018e-09 -2.50968e-09
 3.22681e-09 -2.50288e-09
 3.22782e-09 -2.52872e-09
 3.22496e-09 -2.51192e-09
 3.31888e-09 -2.49184e-09
 3.28327e-09 -2.49696e-09
 3.17912e-09 -2.58324e-09
 3.15757e-09 -2.65925e-09
 3.16474e-09 -2.71056e-09
 3.24268e-09 -2.65928e-09
 3.21179e-09 -2.64652e-09
 3.16639e-09 -2.75866e-09
 3.14436e-09 -2.74037e-09
 3.0753e-09 -2.84301e-09
 2.9742e-09 -2.91466e-09
 2.97409e-09 -2.83188e-09
 2.93465e-09 -2.82131e-09
 2.92354e-09 -3.04381e-09
 2.94103e-09 -2.88167e-09
 2.89001e-09 -2.90435e-09
 2.83863e-09 -3.05186e-09
 2.7194e-09 -3.13761e-09
 2.61274e-09 -3.15925e-09
 2.59424e-09 -3.27888e-09
 2.55976e-09 -3.27224e-09
 2.46312e-09 -3.36445e-09
 2.37867e-09 -3.43674e-09
 2.19423e-09 -3.52054e-09
 2.0738e-09 -3.6107e-09
 1.79291e-09 -3.61511e-09
 1.62563e-09 -3.6482e-09
 1.45559e-09 -3.65781e-09
 1.39492e-09 -3.60044e-09
 1.22446e-09 -3.62252e-09
 1.07974e-09 -3.72586e-09
 8.9789e-10 -3.75649e-09
 8.3236e-10 -3.85267e-09
 5.89782e-10 -3.79905e-09
 1.56797e-10 -3.63946e-09
 -2.0124e-10 -3.65637e-09
 -5.06319e-10 -3.75735e-09
 -1.01351e-09 -3.63695e-09
 -1.36571e-09 -3.64385e-09
 -1.72716e-09 -3.50889e-09
 -2.19723e-09 -3.42091e-09
 -2.50493e-09 -3.29849e-09
 -2.95881e-09 -3.17095e-09
 -3.59203e-09 -2.99338e-09
 -4.42895e-09 -2.69036e-09
 -4.42409e-09 -2.67022e-09
 -4.44301e-09 -2.73921e-09
 -4.98216e-09 -2.56597e-09
 -5.98788e-09 -2.27244e-09
 -6.60896e-09 -1.99225e-09
 -7.25529e-09 -1.71942e-09
 -7.87698e-09 -1.56713e-09
 -8.43111e-09 -1.40144e-09
 -8.81593e-09 -1.26311e-09
 -9.49773e-09 -1.08378e-09
 -1.00776e-08 -8.87575e-10
 -1.06848e-08 -6.70063e-10
 -1.10674e-08 -5.85438e-10
 -1.18294e-08 -2.5057e-10
 -1.21087e-08 -1.74537e-10
 -1.24571e-08 -8.5871e-11
 -1.32929e-08 2.60603e-10
 -1.40674e-08 4.73315e-10
 -1.4602e-08 6.11574e-10
 -1.53643e-08 8.72261e-10
 -1.61011e-08 1.16219e-09
 -1.66661e-08 1.23017e-09
 -1.74578e-08 1.5107e-09
 -1.86259e-08 1.92579e-09
 -1.94588e-08 2.18222e-09
 -2.05473e-08 2.53275e-09
 -2.16808e-08 2.97099e-09
 -2.26675e-08 3.34066e-09
 -2.40783e-08 3.80515e-09
 -2.52114e-08 4.12196e-09
 -2.62733e-08 4.4077e-09
 -2.72336e-08 4.75827e-09
 -2.80207e-08 4.99086e-09
 -2.90652e-08 5.33883e-09
 -2.99309e-08 5.58737e-09
 -3.1092e-08 5.83988e-09
 -3.21819e-08 6.16528e-09
 -3.29285e-08 6.37437e-09
 -3.35983e-08 6.5008e-09
 -3.40725e-08 6.63778e-09
 -3.50882e-08 6.91603e-09
 -3.63528e-08 7.2511e-09
 -3.71933e-08 7.4861e-09
 -3.82453e-08 7.68114e-09
 -3.90065e-08 7.83401e-09
 -4.00375e-08 8.0114e-09
 -4.08589e-08 8.1692e-09
 -4.22392e-08 8.42691e-09
 -4.29831e-08 8.6227e-09
 -4.38672e-08 8.8053e-09
 -4.4611e-08 8.94569e-09
 -4.54005e-08 9.09482e-09
 -4.63672e-08 9.25431e-09
 -4.72915e-08 9.35951e-09
 -4.82084e-08 9.47406e-09
 -4.91531e-08 9.61037e-09
 -5.05159e-08 9.70045e-09
 -5.11402e-08 9.8011e-09
 -5.16988e-08 9.80098e-09
 -5.30416e-08 9.93176e-09
 -5.42045e-08 1.00508e-08
 -5.54379e-08 1.00736e-08
 -5.59401e-08 1.01012e-08
 -5.64755e-08 1.01724e-08
 -5.68407e-08 1.02571e-08
 -5.7609e-08 1.03371e-08
 -5.79011e-08 1.03503e-08
 -5.86217e-08 1.0397e-08
 -5.93087e-08 1.0494e-08
 -5.92936e-08 1.05624e-08
 -5.97044e-08 1.05646e-08
 -5.98216e-08 1.05972e-08
 -5.97873e-08 1.06206e-08
 -6.07799e-08 1.06952e-08
 -6.11248e-08 1.08023e-08
 -6.21955e-08 1.08704e-08
 -6.22216e-08 1.09454e-08
 -6.22251e-08 1.09882e-08
 -6.21527e-08 1.10246e-08
 -6.22635e-08 1.1093e-08
 -6.26158e-08 1.12234e-08
 -6.24366e-08 1.12548e-08
 -6.25014e-08 1.12871e-08
 -6.23845e-08 1.13184e-08
 -6.25971e-08 1.14139e-08
 -6.23243e-08 1.14588e-08
 -6.23396e-08 1.14826e-08
 -6.22128e-08 1.15196e-08
 -6.21046e-08 1.15936e-08
 -6.19646e-08 1.16076e-08
 -6.19063e-08 1.17158e-08
 -6.22458e-08 1.1752e-08
 -6.22881e-08 1.1792e-08
 -6.19872e-08 1.16826e-08
 -6.17568e-08 1.16208e-08
 -6.17171e-08 1.16274e-08
 -6.13238e-08 1.16982e-08
 -6.08585e-08 1.1701e-08
 -6.08208e-08 1.17678e-08
 -6.05906e-08 1.18084e-08
 -6.04414e-08 1.19056e-08
 -5.94823e-08 1.18077e-08
 -5.90961e-08 1.18267e-08
 -5.86929e-08 1.19017e-08
 -5.81348e-08 1.18377e-08
 -5.77505e-08 1.18495e-08
 -5.72553e-08 1.17326e-08
 -5.66205e-08 1.16462e-08
 -5.60982e-08 1.16739e-08
 -5.54796e-08 1.15898e-08
 -5.4943e-08 1.15169e-08
 -5.44915e-08 1.14684e-08
 -5.40081e-08 1.14438e-08
 -5.3409e-08 1.139e-08
 -5.27927e-08 1.13657e-08
 -5.26633e-08 1.13367e-08
 -5.21623e-08 1.13629e-08
 -5.19336e-08 1.14277e-08
 -5.15104e-08 1.13841e-08
 -5.09203e-08 1.13093e-08
 -5.04381e-08 1.12587e-08
 -4.98434e-08 1.118e-08
 -4.93716e-08 1.11509e-08
 -4.87442e-08 1.11355e-08
 -4.86202e-08 1.11278e-08
 -4.86227e-08 1.11133e-08
 -4.81737e-08 1.10755e-08
 -4.7462e-08 1.10544e-08
 -4.66897e-08 1.1064e-08
 -4.61665e-08 1.10514e-08
 -4.55979e-08 1.10366e-08
 -4.52278e-08 1.09954e-08
 -4.45708e-08 1.10422e-08
 -4.41211e-08 1.10082e-08
 -4.36293e-08 1.10242e-08
 -4.30723e-08 1.1052e-08
 -4.24392e-08 1.09928e-08
 -4.20086e-08 1.10197e-08
 -4.18515e-08 1.09702e-08
 -4.14854e-08 1.09244e-08
 -4.12532e-08 1.09071e-08
 -4.06262e-08 1.09033e-08
 -3.9906e-08 1.09054e-08
 -3.95073e-08 1.09091e-08
 -3.92494e-08 1.08934e-08
 -3.90036e-08 1.08806e-08
 -3.85849e-08 1.09571e-08
 -3.81794e-08 1.09172e-08
 -3.75112e-08 1.09599e-08
 -3.71401e-08 1.09711e-08
 -3.6755e-08 1.09772e-08
 -3.6692e-08 1.10372e-08
 -3.66219e-08 1.10379e-08
 -3.66419e-08 1.10241e-08
 -3.67676e-08 1.10104e-08
 -3.67741e-08 1.09375e-08
 -3.65025e-08 1.09556e-08
 -3.6325e-08 1.0952e-08
 -3.62893e-08 1.09429e-08
 -3.66483e-08 1.09657e-08
 -3.64392e-08 1.08871e-08
 -3.6388e-08 1.0891e-08
 -3.65308e-08 1.08661e-08
 -3.66555e-08 1.07845e-08
 -3.68031e-08 1.08256e-08
 -3.6748e-08 1.07941e-08
 -3.70343e-08 1.08313e-08
 -3.7282e-08 1.0879e-08
 -3.7115e-08 1.08243e-08
 -3.7175e-08 1.07881e-08
 -3.7458e-08 1.07471e-08
 -3.75942e-08 1.07392e-08
 -3.7568e-08 1.07244e-08
 -3.77976e-08 1.07361e-08
 -3.77997e-08 1.06473e-08
 -3.80332e-08 1.06096e-08
 -3.83313e-08 1.05239e-08
 -3.8861e-08 1.04637e-08
 -3.89804e-08 1.03969e-08
 -3.88424e-08 1.02814e-08
 -3.91726e-08 1.02276e-08
 -3.97402e-08 1.02508e-08
 -4.02087e-08 1.02972e-08
 -4.04725e-08 1.02224e-08
 -4.07303e-08 1.00683e-08
 -4.10473e-08 1.00651e-08
 -4.13375e-08 9.88491e-09
 -4.18474e-08 9.83846e-09
 -4.17914e-08 9.72452e-09
 -4.23123e-08 9.63937e-09
 -4.26273e-08 9.64648e-09
 -4.32156e-08 9.57799e-09
 -4.32784e-08 9.54163e-09
 -4.38383e-08 9.46501e-09
 -4.39706e-08 9.39388e-09
 -4.45242e-08 9.34387e-09
 -4.48227e-08 9.368e-09
 -4.52497e-08 9.34702e-09
 -4.61667e-08 9.22473e-09
 -4.6865e-08 9.15185e-09
 -4.72522e-08 9.06225e-09
 -4.77443e-08 8.97158e-09
 -4.83707e-08 8.91497e-09
 -4.87431e-08 8.85237e-09
 -4.90089e-08 8.83743e-09
 -4.98065e-08 8.75105e-09
 -5.00175e-08 8.63196e-09
 -5.04563e-08 8.54035e-09
 -5.14324e-08 8.54391e-09
 -5.17795e-08 8.50256e-09
 -5.25343e-08 8.45505e-09
 -5.35025e-08 8.39406e-09
 -5.42711e-08 8.39583e-09
 -5.49641e-08 8.28514e-09
 -5.55232e-08 8.22098e-09
 -5.59501e-08 8.17827e-09
 -5.63786e-08 8.09651e-09
 -5.67989e-08 8.15329e-09
 -5.71089e-08 8.07251e-09
 -5.75587e-08 7.99515e-09
 -5.78565e-08 7.90359e-09
 -5.84693e-08 7.78368e-09
 -5.91322e-08 7.80829e-09
 -6.02037e-08 7.72473e-09
 -6.03848e-08 7.69849e-09
 -6.08385e-08 7.67733e-09
 -6.16643e-08 7.57434e-09
 -6.19969e-08 7.58957e-09
 -6.2281e-08 7.5364e-09
 -6.27228e-08 7.46306e-09
 -6.35828e-08 7.32251e-09
 -6.43024e-08 7.28175e-09
 -6.50924e-08 7.21621e-09
 -6.5393e-08 7.19249e-09
 -6.61013e-08 7.18319e-09
 -6.66352e-08 7.11018e-09
 -6.72007e-08 7.04316e-09
 -6.77468e-08 6.97394e-09
 -6.83401e-08 6.90494e-09
 -6.88542e-08 6.79214e-09
 -6.93346e-08 6.81241e-09
 -6.97032e-08 6.70123e-09
 -6.98751e-08 6.72123e-09
 -7.00415e-08 6.66244e-09
 -7.05949e-08 6.62572e-09
 -7.11117e-08 6.50267e-09
 -7.14286e-08 6.38181e-09
 -7.20842e-08 6.37945e-09
 -7.27058e-08 6.26367e-09
 -7.33327e-08 6.08191e-09
 -7.41019e-08 6.00571e-09
 -7.47754e-08 5.88969e-09
 -7.54148e-08 5.82305e-09
 -7.60029e-08 5.6806e-09
 -7.65647e-08 5.5946e-09
 -7.70898e-08 5.53129e-09
 -7.7414e-08 5.50549e-09
 -7.80514e-08 5.46278e-09
 -7.8324e-08 5.40969e-09
 -7.8728e-08 5.44361e-09
 -7.91653e-08 5.43089e-09
 -7.94983e-08 5.42322e-09
 -8.02249e-08 5.38311e-09
 -8.05081e-08 5.28435e-09
 -8.08356e-08 5.22472e-09
 -8.11004e-08 5.25817e-09
 -8.13038e-08 5.24066e-09
 -8.17513e-08 5.15687e-09
 -8.18289e-08 5.17791e-09
 -8.24545e-08 5.03187e-09
 -8.26752e-08 4.99984e-09
 -8.27883e-08 5.05932e-09
 -8.28398e-08 5.10056e-09
 -8.27734e-08 5.14436e-09
 -8.28691e-08 5.07622e-09
 -8.31046e-08 4.91654e-09
 -8.34346e-08 4.86909e-09
 -8.32007e-08 4.95692e-09
 -8.31571e-08 4.93073e-09
 -8.31948e-08 4.91603e-09
 -8.32467e-08 4.86449e-09
 -8.31108e-08 4.82567e-09
 -8.28167e-08 4.77607e-09
 -8.33763e-08 4.68867e-09
 -8.33294e-08 4.74458e-09
 -8.33247e-08 4.83084e-09
 -8.34906e-08 4.89943e-09
 -8.32266e-08 4.97402e-09
 -8.31298e-08 5.00579e-09
 -8.30725e-08 5.05938e-09
 -8.24888e-08 5.01243e-09
 -8.21039e-08 5.04924e-09
 -8.17685e-08 4.97204e-09
 -8.14739e-08 4.98159e-09
 -8.13494e-08 5.00183e-09
 -8.13418e-08 5.05159e-09
 -8.12183e-08 5.14858e-09
 -8.11415e-08 5.15338e-09
 -8.10707e-08 5.17322e-09
 -8.0967e-08 5.25482e-09
 -8.0202e-08 5.32745e-09
 -7.98065e-08 5.31783e-09
 -7.97512e-08 5.31991e-09
 -7.94627e-08 5.31638e-09
 -7.95302e-08 5.33202e-09
 -7.9277e-08 5.36071e-09
 -7.89322e-08 5.55078e-09
 -7.83611e-08 5.59671e-09
 -7.81423e-08 5.67159e-09
 -7.77911e-08 5.74432e-09
 -7.75823e-08 5.71035e-09
 -7.72548e-08 5.75646e-09
 -7.70004e-08 5.75836e-09
 -7.63934e-08 5.75673e-09
 -7.62008e-08 5.77319e-09
 -7.59394e-08 5.80408e-09
 -7.53016e-08 5.80124e-09
 -7.45922e-08 5.87906e-09
 -7.41185e-08 5.92125e-09
 -7.37398e-08 5.92518e-09
 -7.29983e-08 5.9904e-09
 -7.24643e-08 6.07375e-09
 -7.15097e-08 6.21818e-09
 -7.08931e-08 6.28459e-09
 -7.02456e-08 6.37559e-09
 -6.947e-08 6.48735e-09
 -6.88256e-08 6.5279e-09
 -6.83402e-08 6.62487e-09
 -6.78204e-08 6.64638e-09
 -6.71154e-08 6.72746e-09
 -6.66056e-08 6.76639e-09
 -6.62559e-08 6.86138e-09
 -6.58565e-08 6.92422e-09
 -6.52896e-08 7.04688e-09
 -6.47618e-08 7.1227e-09
 -6.4248e-08 7.22603e-09
 -6.35941e-08 7.37323e-09
 -6.29917e-08 7.41715e-09
 -6.24552e-08 7.46377e-09
 -6.18813e-08 7.50828e-09
 -6.15446e-08 7.60434e-09
 -6.11044e-08 7.69073e-09
 -6.09322e-08 7.69055e-09
 -6.03115e-08 7.8263e-09
 -6.00239e-08 7.87554e-09
 -5.94492e-08 7.98955e-09
 -5.88723e-08 8.13588e-09
 -5.8578e-08 8.25309e-09
 -5.7759e-08 8.4331e-09
 -5.7302e-08 8.61223e-09
 -5.71802e-08 8.64599e-09
 -5.69743e-08 8.62516e-09
 -5.64917e-08 8.72878e-09
 -5.5975e-08 8.82664e-09
 -5.58102e-08 8.95622e-09
 -5.55315e-08 8.99867e-09
 -5.52651e-08 9.07389e-09
 -5.45768e-08 9.29889e-09
 -5.4094e-08 9.36309e-09
 -5.42332e-08 9.28733e-09
 -5.38674e-08 9.31257e-09
 -5.34167e-08 9.35613e-09
 -5.35537e-08 9.30043e-09
 -5.29194e-08 9.34678e-09
 -5.25639e-08 9.45895e-09
 -5.27049e-08 9.42633e-09
 -5.25662e-08 9.41706e-09
 -5.21962e-08 9.43736e-09
 -5.19777e-08 9.50274e-09
 -5.15385e-08 9.60063e-09
 -5.1396e-08 9.58813e-09
 -5.12403e-08 9.5662e-09
 -5.14407e-08 9.57317e-09
 -5.15457e-08 9.6983e-09
 -5.14079e-08 9.77877e-09
 -5.16265e-08 9.85156e-09
 -5.12715e-08 9.91237e-09
 -5.10774e-08 1.00409e-08
 -5.08425e-08 1.00018e-08
 -5.05285e-08 1.01107e-08
 -5.07539e-08 1.01063e-08
 -5.10113e-08 1.00745e-08
 -5.11598e-08 1.00022e-08
 -5.10705e-08 1.00891e-08
 -5.11746e-08 1.0161e-08
 -5.13696e-08 1.02263e-08
 -5.1631e-08 1.015e-08
 -5.17448e-08 1.01641e-08
 -5.21114e-08 1.01324e-08
 -5.23722e-08 1.00589e-08
 -5.28087e-08 9.97008e-09
 -5.33599e-08 9.94611e-09
 -5.34262e-08 9.90366e-09
 -5.36969e-08 9.92838e-09
 -5.3922e-08 1.00242e-08
 -5.4177e-08 9.98627e-09
 -5.46072e-08 9.98233e-09
 -5.50043e-08 9.87088e-09
 -5.51021e-08 9.82337e-09
 -5.54308e-08 9.73558e-09
 -5.60238e-08 9.59884e-09
 -5.6463e-08 9.46996e-09
 -5.68976e-08 9.3212e-09
 -5.72786e-08 9.20656e-09
 -5.7651e-08 9.16482e-09
 -5.799e-08 9.0869e-09
 -5.8005e-08 9.04997e-09
 -5.83604e-08 9.02616e-09
 -5.83357e-08 9.0004e-09
 -5.89584e-08 8.84897e-09
 -5.93603e-08 8.7208e-09
 -5.99328e-08 8.63327e-09
 -6.02184e-08 8.52688e-09
 -6.0634e-08 8.29414e-09
 -6.1618e-08 8.02606e-09
 -6.16142e-08 7.90145e-09
 -6.23983e-08 7.71112e-09
 -6.27476e-08 7.5122e-09
 -6.37308e-08 7.32569e-09
 -6.4034e-08 7.23228e-09
 -6.45977e-08 7.09062e-09
 -6.52393e-08 6.89045e-09
 -6.56287e-08 6.73434e-09
 -6.6286e-08 6.50618e-09
 -6.71429e-08 6.31551e-09
 -6.74004e-08 6.16948e-09
 -6.76953e-08 6.02565e-09
 -6.80736e-08 5.84e-09
 -6.85141e-08 5.61153e-09
 -6.89209e-08 5.54441e-09
 -6.9723e-08 5.33383e-09
 -7.06695e-08 5.23429e-09
 -7.07057e-08 5.12612e-09
 -7.15098e-08 4.89231e-09
 -7.20364e-08 4.75469e-09
 -7.26122e-08 4.47782e-09
 -7.30962e-08 4.46529e-09
 -7.36986e-08 4.31063e-09
 -7.43377e-08 4.11929e-09
 -7.46067e-08 3.89698e-09
 -7.53348e-08 3.66113e-09
 -7.62578e-08 3.36029e-09
 -7.65698e-08 3.12844e-09
 -7.71766e-08 2.96649e-09
 -7.80429e-08 2.833e-09
 -7.8951e-08 2.65965e-09
 -7.92939e-08 2.57385e-09
 -7.98261e-08 2.36755e-09
 -8.02533e-08 2.15954e-09
 -8.05933e-08 1.83883e-09
 -8.12139e-08 1.64979e-09
 -8.18261e-08 1.4596e-09
 -8.19928e-08 1.47546e-09
 -8.25658e-08 1.13241e-09
 -8.34045e-08 8.16405e-10
 -8.40319e-08 5.92286e-10
 -8.5008e-08 2.90898e-10
 -8.55498e-08 1.39823e-10
 -8.59877e-08 6.32388e-11
 -8.63044e-08 -4.03017e-11
 -8.71832e-08 -1.97752e-10
 -8.73171e-08 -2.60791e-10
 -8.74103e-08 -3.04761e-10
 -8.79385e-08 -5.21551e-10
 -8.84922e-08 -7.07303e-10
 -8.907e-08 -8.88513e-10
 -8.98307e-08 -1.19787e-09
 -9.00675e-08 -1.24988e-09
 -9.06526e-08 -1.52492e-09
 -9.07424e-08 -1.54659e-09
 -9.12461e-08 -1.7577e-09
 -9.14143e-08 -1.87404e-09
 -9.15691e-08 -1.99932e-09
 -9.15453e-08 -2.06279e-09
 -9.17432e-08 -2.15313e-09
 -9.18352e-08 -2.33447e-09
 -9.20583e-08 -2.3508e-09
 -9.21849e-08 -2.4991e-09
 -9.27416e-08 -2.75164e-09
 -9.32279e-08 -2.90233e-09
 -9.33276e-08 -2.92913e-09
 -9.35552e-08 -3.14087e-09
 -9.35837e-08 -3.08102e-09
 -9.37251e-08 -3.12056e-09
 -9.39761e-08 -3.18276e-09
 -9.44832e-08 -3.33443e-09
 -9.47281e-08 -3.50675e-09
 -9.4887e-08 -3.65301e-09
 -9.47963e-08 -3.70418e-09
 -9.46843e-08 -3.63114e-09
 -9.50199e-08 -3.74686e-09
 -9.51742e-08 -3.88482e-09
 -9.54051e-08 -4.02963e-09
 -9.55926e-08 -4.15673e-09
 -9.58449e-08 -4.26288e-09
 -9.60589e-08 -4.32288e-09
 -9.59254e-08 -4.24644e-09
 -9.58731e-08 -4.24646e-09
 -9.60815e-08 -4.26259e-09
 -9.56856e-08 -4.13186e-09
 -9.55558e-08 -4.12677e-09
 -9.57065e-08 -4.20287e-09
 -9.53195e-08 -4.15437e-09
 -9.51508e-08 -4.10494e-09
 -9.48107e-08 -3.99328e-09
 -9.44126e-08 -3.93717e-09
 -9.43366e-08 -3.9426e-09
 -9.40256e-08 -3.92452e-09
 -9.38803e-08 -3.94654e-09
 -9.35391e-08 -3.95244e-09
 -9.3131e-08 -3.83359e-09
 -9.26227e-08 -3.62348e-09
 -9.23342e-08 -3.55295e-09
 -9.20593e-08 -3.4946e-09
 -9.18583e-08 -3.45306e-09
 -9.13022e-08 -3.36578e-09
 -9.13204e-08 -3.39903e-09
 -9.12405e-08 -3.33712e-09
 -9.09068e-08 -3.27435e-09
 -9.04359e-08 -3.22562e-09
 -9.02357e-08 -3.16183e-09
 -8.95893e-08 -3.05369e-09
 -8.89819e-08 -2.91648e-09
 -8.84017e-08 -2.76458e-09
 -8.80891e-08 -2.63224e-09
 -8.73283e-08 -2.43191e-09
 -8.66128e-08 -2.41642e-09
 -8.61173e-08 -2.2388e-09
 -8.57988e-08 -2.2347e-09
 -8.52822e-08 -2.10759e-09
 -8.47236e-08 -2.00687e-09
 -8.4179e-08 -1.92209e-09
 -8.35921e-08 -1.74674e-09
 -8.30547e-08 -1.58024e-09
 -8.25762e-08 -1.5794e-09
 -8.20789e-08 -1.48789e-09
 -8.13101e-08 -1.39675e-09
 -8.10398e-08 -1.34174e-09
 -8.04874e-08 -1.18179e-09
 -7.97638e-08 -9.60361e-10
 -7.91663e-08 -7.0344e-10
 -7.87896e-08 -5.85472e-10
 -7.82713e-08 -4.28218e-10
 -7.75651e-08 -2.07906e-10
 -7.70049e-08 -1.54841e-11
 -7.70203e-08 1.98128e-11
 -7.66779e-08 9.33236e-11
 -7.60349e-08 2.11804e-10
 -7.56186e-08 3.71972e-10
 -7.50282e-08 5.95969e-10
 -7.45596e-08 7.16211e-10
 -7.40741e-08 9.48445e-10
 -7.3438e-08 1.22503e-09
 -7.28801e-08 1.46776e-09
 -7.22836e-08 1.70613e-09
 -7.16098e-08 1.95076e-09
 -7.13048e-08 2.04509e-09
 -7.08605e-08 2.25046e-09
 -7.04183e-08 2.52054e-09
 -6.96936e-08 2.75116e-09
 0.0253906 3.27399e-07
 0.435547 9.28978e-06
 0.854502 -0.0135026
 1.16875 -0.0235508
 1.28494 -0.0270343
 1.41266 -0.0311128
 1.5318 -0.031213
 1.73609 -0.0376427
 2.12672 -0.0375546
 2.3261 -0.0437783
 2.51929 -0.0499109
 2.61503 -0.0529699
 2.71757 -0.0530155
 2.91777 -0.0842898
 3.08769 -0.084306
 3.2664 -0.084366
 3.4793 -0.0911135
 3.71756 -0.0985644
 3.91677 -0.129935
 4.09725 -0.135611
 4.29256 -0.135693
 4.48787 -0.135836
 4.68383 -0.142083
 4.87488 -0.148067
 5.0793 -0.154436
 5.27559 -0.160723
 5.49621 -0.167468
 5.69219 -0.173716
 5.87502 -0.17945
 6.23257 -0.190937
 6.45392 -0.198293
 6.6286 -0.204241
 6.81572 -0.21069
 7.01179 -0.217706
 7.22795 -0.225211
 7.43174 -0.232262
 7.61975 -0.238658
 7.80672 -0.24514
 8.01168 -0.252449
 8.21837 -0.25943
 8.41419 -0.265944
 8.59271 -0.271931
 8.76327 -0.277784
 8.98474 -0.28541
 9.20153 -0.348178
 9.38023 -0.348427
 9.56381 -0.348737
 9.76302 -0.349251
 9.9759 -0.349463
 10.1751 -0.349777
 10.3626 -0.34996
 10.5306 -0.350199
 10.7349 -0.357189
 10.9439 -0.357585
 11.147 -0.35764
 11.3502 -0.357802
 11.5376 -0.364321
 11.7508 -0.371607
 11.9425 -0.378371
 12.1193 -0.378535
 12.3066 -0.384883
 12.5063 -0.391751
 12.7105 -0.398714
 12.9067 -0.399166
 13.102 -0.430727
 13.3062 -0.437945
 13.5056 -0.444796
 13.7068 -0.476605
 13.8981 -0.483022
 14.0768 -0.489336
 14.2677 -0.496286
 14.4728 -0.528063
 14.6911 -0.535865
 14.8825 -0.535754
 15.078 -0.542658
 15.287 -0.543396
 15.4829 -0.550693
 15.6781 -0.551207
 15.8655 -0.557633
 16.0608 -0.588987
 16.2598 -0.596425
 16.4805 -0.597285
 16.6762 -0.602934
 16.8727 -0.608688
 17.1735 -0.608594
 17.4801 -0.608564
 17.6681 -0.612544
 17.77 -0.612691
 18.064 -0.610082
 18.273 -0.608553
 18.4775 -0.613096
 18.6563 -0.639383
 18.8604 -0.644077
 19.0853 -0.697802
 19.2815 -0.694714
 19.4695 -0.68246
 19.6575 -0.674112
 19.8404 -0.664152
 20.1481 -0.651634
 20.3615 -0.636575
 20.4559 -0.618848
 20.6439 -0.605237
 20.844 -0.584364
 21.041 -0.559022
 21.2292 -0.539503
 21.4256 -0.526871
 21.6254 -0.511566
 21.8221 -0.498737
 22.0154 -0.472448
 22.2071 -0.462688
 22.4122 -0.449571
 22.7261 -0.436945
 22.9147 -0.416827
 23.1022 -0.403441
 23.1963 -0.387134
 23.41 -0.37563
 23.6184 -0.358931
 23.8153 -0.340195
 24.0121 -0.323428
 24.183 -0.306786
 24.3967 -0.283148
 24.6057 -0.261631
 24.8018 -0.239819
 24.9813 -0.221092
 25.1779 -0.208652
 25.3917 -0.178742
 25.6022 -0.15363
 25.7884 -0.130437
 25.9683 -0.108895
 26.2583 -0.081252
 26.4635 -0.0499878
 26.5586 -0.0166932
 26.7463 0.0096629
 26.9437 0.057082
 27.1747 0.098583
 27.3834 0.132351
 27.5891 0.17856
 27.7521 0.221879
 27.9443 0.271927
 28.0433 0.306342
 28.1468 0.337134
 28.3638 0.361972
 28.5519 0.3899
 28.8416 0.411917
 29.0635 0.426008
 29.1667 0.441635
 29.2698 0.487235
 29.4536 0.528627
 29.8251 0.565934
 30.029 0.578578
 30.2478 0.593184
 30.6175 0.574182
 30.8162 0.538553
 31.0371 0.520386
 31.1307 0.500577
 31.3981 0.479953
 31.5937 0.461921
 31.8095 0.446422
 32.0215 0.427398
 32.2094 0.406011
 32.3872 0.385889
 32.5862 0.370954
 32.816 0.356046
 33.02 0.339683
 33.2154 0.322477
 33.4112 0.307901
 33.6184 0.29485
 33.815 0.27991
 33.9928 0.262176
 34.1883 0.246158
 34.4011 0.232343
 34.6167 0.219897
 34.8039 0.207686
 35.0081 0.191948
 35.1955 0.179789
 35.3946 0.169265
 35.5994 0.157409
 35.7975 0.142135
 35.9817 0.127402
 36.181 0.115693
 36.4021 0.105087
 36.5983 0.0917752
 36.8023 0.0787711
 36.9979 0.0681554
 37.2058 0.0579963
 37.4097 0.0485619
 37.6193 0.0380571
 37.7933 0.0266031
 37.9893 0.0170201
 38.1967 0.00892505
 38.3925 0.00089646
 38.5809 -0.00836657
 38.7587 -0.0174758
 38.9662 -0.0255633
 39.1794 -0.0329436
 39.3837 -0.0407286
 39.5714 -0.0489841
 39.7666 -0.0552125
 39.9743 -0.0613429
 40.1871 -0.0679087
 40.3915 -0.0753556
 40.5667 -0.0827785
 40.7773 -0.0894018
 40.9913 -0.0961455
 41.1953 -0.10309
 41.3911 -0.110223
 41.5748 -0.117543
 41.7742 -0.124401
 41.9905 -0.128432
 42.1945 -0.132846
 42.3819 -0.137284
 42.5649 -0.141588
 42.7743 -0.145713
 42.9735 -0.148711
 43.1693 -0.151985
 43.3519 -0.156083
 43.5471 -0.15814
 43.7434 -0.159575
 43.9479 -0.161876
 44.4327 -0.165336
 44.6456 -0.16834
 44.7486 -0.171148
 44.9355 -0.17426
 45.0289 -0.177135
 45.2164 -0.179571
 45.6372 -0.182962
 45.8252 -0.184979
 46.0038 -0.187764
 46.1942 -0.189391
 46.4076 -0.191193
 46.6219 -0.192643
 46.8001 -0.194805
 46.9786 -0.196915
 47.1782 -0.199387
 47.3912 -0.202684
 47.5956 -0.205314
 48.0046 -0.2088
 48.2127 -0.21132
 48.3914 -0.211396
 48.5873 -0.213362
 48.7787 -0.215164
 48.9878 -0.217663
 49.2123 -0.220613
 49.408 -0.224647
 49.7952 -0.225703
 49.9991 -0.230804
 50.2121 -0.234569
 50.4169 -0.237937
 50.5995 -0.239812
 50.7958 -0.271713
 50.9916 -0.275432
 51.2045 -0.280576
 51.4089 -0.281955
 51.6049 -0.283259
 51.813 -0.283814
 52.017 -0.283152
 52.2218 -0.283289
 52.4007 -0.279625
 52.6004 -0.275719
 52.7958 -0.270254
 53.0004 -0.266193
 53.197 -0.258014
 53.3755 -0.243291
 53.575 -0.233658
 53.7795 -0.224737
 53.9843 -0.216008
 54.1593 -0.188096
 54.3386 -0.162388
 54.5526 -0.147763
 54.7819 -0.132311
 54.9695 -0.122616
 55.1444 -0.117485
 55.3414 -0.0892261
 55.5455 -0.0714081
 55.7443 -0.0640077
 55.9207 -0.0442234
 56.1203 -0.0446261
 56.3389 -0.0354466
 56.5467 -0.066637
 56.7331 -0.0906407
 56.9159 -0.108688
 57.0944 -0.119617
 57.2945 -0.169483
 57.5091 -0.275587
 57.7035 -0.362948
 57.8992 -0.434901
 58.0803 -0.496249
 58.2973 -0.662942
 58.4955 -0.751776
 58.6811 -0.837175
 58.8543 -0.917935
 59.0583 -0.97977
 59.2615 -1.02501
 59.5547 -1.08017
 59.6389 -1.12314
 59.7358 -1.16906
 59.9392 -1.21072
 60.0529 -1.24866
 60.2577 -1.26103
 60.446 -1.3072
 60.645 -1.34979
 60.8498 -1.39314
 61.0626 -1.39977
 61.2586 -1.40227
 61.4471 -1.40339
 61.6287 -1.40292
 61.8416 -1.40141
 62.0546 -1.39846
 62.3562 -1.39658
 62.5353 -1.39524
 62.7405 -1.38671
 62.8471 -1.38157
 63.0432 -1.38169
 63.137 -1.37378
 63.2266 -1.36454
 63.4153 -1.35466
 63.6293 -1.34654
 63.7456 -1.34206
 63.8433 -1.33579
 64.0505 -1.32924
 64.238 -1.32294
 64.4344 -1.34446
 64.7535 -1.34403
 64.8563 -1.33842
 65.1329 -1.32555
 65.3297 -1.31899
 65.4304 -1.30847
 65.6445 -1.29961
 65.8575 -1.28947
 66.0317 -1.28206
 66.2273 -1.26981
 66.4317 -1.26263
 66.6457 -1.25362
 66.8286 -1.24775
 67.0079 -1.23666
 67.2132 -1.22398
 67.4175 -1.21412
 67.6254 -1.2095
 67.8142 -1.19406
 68.0016 -1.18612
 68.2082 -1.17977
 68.5082 -1.17716
 68.7016 -1.16759
 68.8998 -1.15855
 69.1045 -1.14951
 69.3205 -1.13743
 69.5171 -1.1243
 69.7058 -1.10726
 69.8926 -1.09147
 69.9952 -1.0783
 70.2971 -1.07016
 70.4756 -1.08813
 70.6731 -1.07622
 70.8774 -1.07171
 71.0904 -1.06248
 71.2908 -1.05157
 71.4863 -1.03978
 71.6908 -1.03404
 71.879 -1.02703
 72.0919 -1.08466
 72.282 -1.07994
 72.4774 -1.0745
 72.6825 -1.07218
 72.8945 -1.07157
 73.1016 -1.06939
 73.2892 -1.06996
 73.4591 -1.06969
 73.6462 -1.06528
 73.8625 -1.06544
 74.0667 -1.06099
 74.2627 -1.06136
 74.4585 -1.05953
 74.6583 -1.05896
 74.879 -1.05633
 75.0846 -1.05347
 75.2712 -1.05394
 75.4675 -1.05629
 75.6667 -1.05547
 75.8625 -1.0566
 76.0637 -1.05469
 76.2381 -1.05092
 76.4427 -1.05419
 76.6502 -1.05644
 76.8462 -1.06172
 77.0341 -1.06266
 77.2297 -1.0628
 77.421 -1.06538
 77.6334 -1.06843
 77.8121 -1.07307
 77.9996 -1.07317
 78.2075 -1.07714
 78.412 -1.08236
 78.6245 -1.08937
 78.8119 -1.09551
 78.9949 -1.09964
 79.2039 -1.10882
 79.4115 -1.11709
 79.6246 -1.12582
 79.8032 -1.13281
 80.0028 -1.13909
 80.2121 -1.15242
 80.4277 -1.16257
 80.6238 -1.17425
 80.8064 -1.18173
 80.9943 -1.18952
 81.2024 -1.20373
 81.4014 -1.21787
 81.5972 -1.23456
 81.8132 -1.2523
 82.0093 -1.26642
 82.2298 -1.27892
 82.417 -1.29432
 82.6214 -1.33712
 82.8131 -1.35357
 83.0257 -1.36861
 83.2384 -1.38044
 83.5184 -1.3938
 83.7008 -1.40791
 83.806 -1.42211
 84.0108 -1.43778
 84.2245 -1.45223
 84.4024 -1.4662
 84.5849 -1.4755
 84.7898 -1.51752
 84.9849 -1.56247
 85.1984 -1.5781
 85.3936 -1.5938
 85.5848 -1.60637
 85.7975 -1.61674
 85.9931 -1.63243
 86.2829 -1.64531
 86.482 -1.66147
 86.6985 -1.67548
 86.8008 -1.68925
 86.9022 -1.69979
 87.2722 -1.71748
 87.473 -1.7335
 87.6817 -1.75108
 87.8934 -1.76412
 88.0759 -1.80135
 88.2721 -1.8076
 88.4858 -1.81644
 88.6731 -1.82687
 88.8594 -1.83685
 89.042 -1.85084
 89.2472 -1.86213
 89.4589 -1.87115
 89.6491 -1.88248
 89.842 -1.89446
 90.0416 -1.905
 90.2554 -1.90915
 90.4506 -1.91384
 90.6458 -1.92169
 90.8194 -1.96115
 91.0322 -1.97077
 91.2371 -2.01181
 91.4326 -2.02253
 91.6151 -2.02582
 91.8199 -2.03074
 92.0073 -2.03909
 92.1946 -2.04772
 92.4018 -2.06268
 92.5976 -2.07365
 92.8028 -2.07878
 93.0065 -2.08647
 93.1938 -2.09434
 93.3867 -2.10371
 93.58 -2.1078
 93.7938 -2.17482
 93.9895 -2.18359
 94.1855 -2.19227
 94.352 -2.19645
 94.5641 -2.20569
 94.7817 -2.2143
 94.9809 -2.21959
 95.1769 -2.22256
 95.3507 -2.22499
 95.5361 -2.23006
 95.748 -2.23433
 95.952 -2.23951
 96.1424 -2.24126
 96.3218 -2.24539
 96.5168 -2.25298
 96.7213 -2.2616
 96.9175 -2.26475
 97.1079 -2.26584
 97.2949 -2.27154
 97.5087 -2.27448
 97.7 -2.27944
 97.8878 -2.2801
 98.0759 -2.28527
 98.2701 -2.28763
 98.4749 -2.29545
 98.674 -2.30255
 98.8751 -2.33591
 99.0575 -2.34056
 99.2528 -2.34199
 99.4521 -2.35068
 99.6565 -2.35807
 99.8572 -2.36516
 100.057 -2.37059
 100.261 -2.37753
 100.461 -2.38007
 100.656 -2.38796
 100.844 -2.39245
 101.024 -2.39553
 101.227 -2.39733
 101.53 -2.40226
 101.825 -2.43575
 101.927 -2.43981
 102.029 -2.44284
 102.131 -2.44345
 102.233 -2.44468
 102.416 -2.45124
 102.611 -2.45456
 102.824 -2.46195
 103.02 -2.46797
 103.211 -2.47161
 103.399 -2.47661
 103.595 -2.48299
 103.799 -2.48606
 104.347 -2.49747
 104.536 -2.5047
 104.739 -2.51299
 104.841 -2.51669
 104.938 -2.52352
 105.04 -2.52582
 105.237 -2.52452
 105.416 -2.52418
 105.62 -2.52615
 105.819 -2.53346
 106.007 -2.53372
 106.397 -2.56748
 106.601 -2.57634
 106.8 -2.5842
 106.988 -2.58481
 107.268 -2.58665
 107.464 -2.59027
 107.68 -2.59474
 107.786 -2.59746
 107.982 -2.5951
 108.182 -2.59566
 108.372 -2.59885
 108.585 -2.60217
 108.777 -2.6015
 108.982 -2.60425
 109.169 -2.60857
 109.373 -2.61013
 109.586 -2.61099
 109.769 -2.61102
 109.973 -2.61618
 110.17 -2.61762
 110.47 -2.61622
 110.658 -2.61815
 110.854 -2.61859
 110.952 -2.61905
 111.164 -2.62057
 111.369 -2.6184
 111.56 -2.62057
 111.756 -2.62235
 111.943 -2.62301
 112.151 -2.62915
 112.352 -2.62819
 112.543 -2.62481
 112.749 -2.62332
 113.05 -2.62642
 113.357 -2.62941
 113.467 -2.6257
 113.565 -2.62455
 113.768 -2.62327
 113.867 -2.6267
 114.048 -2.63018
 114.146 -2.63114
 114.248 -2.63021
 114.448 -2.63128
 114.656 -2.6299
 114.861 -2.6306
 115.232 -2.62826
 115.429 -2.62908
 115.632 -2.63197
 115.798 -2.63072
 115.984 -2.63014
 116.181 -2.63062
 116.393 -2.63118
 116.589 -2.63216
 116.781 -2.63046
 116.993 -2.63405
 117.19 -2.63051
 117.403 -2.62732
 117.59 -2.62687
 117.772 -2.62432
 117.968 -2.61799
 118.173 -2.60917
 118.372 -2.60642
 118.564 -2.60607
 118.764 -2.60272
 118.96 -2.60127
 119.174 -2.59773
 119.372 -2.59554
 119.577 -2.59041
 119.765 -2.57961
 119.969 -2.57436
 120.178 -2.5648
 120.382 -2.55888
 120.588 -2.55056
 120.792 -2.54431
 120.996 -2.53679
 121.184 -2.52586
 121.376 -2.51643
 121.555 -2.49875
 121.776 -2.54545
 121.989 -2.53472
 122.18 -2.51891
 122.377 -2.53327
 122.573 -2.51497
 122.778 -2.49301
 122.974 -2.47037
 123.165 -2.44735
 123.37 -2.4217
 123.55 -2.39082
 123.747 -2.35762
 123.953 -2.32752
 124.143 -2.29007
 124.349 -2.24872
 124.546 -2.20339
 124.729 -2.15713
 124.927 -2.10053
 125.115 -2.03849
 125.321 -1.96754
 125.527 -1.897
 125.728 -1.8454
 125.934 -1.74463
 126.141 -1.63378
 126.339 -1.50888
 126.524 -1.36477
 126.715 -1.18839
 126.92 -0.995301
 127.122 -0.784783
 127.322 -0.561477
 127.518 -0.277721
 127.72 0.0399583
 127.935 0.396955
 128.141 0.778473
 128.345 1.20937
 128.631 1.7476
 128.846 2.3411
 128.964 3.00163
 129.173 3.73567
 129.382 4.53288
 129.578 5.52721
 129.799 6.55766
 130.021 7.66147
 130.245 8.8559
 130.457 10.1495
 130.674 11.5481
 130.879 12.8749
 131.086 14.1632
 131.308 15.367
 131.618 16.7719
 131.853 17.9882
 131.969 18.9437
 132.076 19.9114
 132.189 20.7595
 132.489 21.7929
 132.683 22.5724
 132.876 23.2039
 133.101 23.7493
 133.305 24.4168
 133.514 25.0004
 133.706 25.4309
 133.913 25.8098
 134.113 26.1989
 134.284 26.6032
 134.466 26.8927
 134.655 27.1198
 134.874 27.3467
 135.071 27.6259
 135.268 27.8473
 135.457 28.0004
 135.661 28.1638
 135.857 28.3662
 136.037 28.5884
 136.229 28.7652
 136.422 28.8961
 136.63 29.017
 136.83 29.191
 137.001 29.3638
 137.185 29.5021
 137.377 29.6073
 137.585 29.7112
 137.776 29.886
 137.955 30.0518
 138.154 30.1467
 138.365 30.2554
 138.569 30.429
 138.747 30.5488
 138.93 30.6263
 139.138 30.6622
 139.333 30.7205
 139.52 30.7857
 139.709 30.8244
 139.892 30.8563
 140.09 30.8897
 140.278 30.9461
 140.468 30.9837
 140.639 31.0109
 140.829 31.0414
 141.04 31.0806
 141.243 31.1067
 141.423 31.1628
 141.611 31.1981
 141.783 31.1871
 141.986 31.2092
 142.174 31.2661
 142.377 31.323
 142.572 31.3753
 142.758 31.4097
 142.957 31.4479
 143.151 31.4858
 143.347 31.5409
 143.55 31.5666
 143.749 31.6052
 143.936 31.6437
 144.115 31.7035
 144.305 31.7421
 144.508 31.7692
 144.707 31.8105
 144.895 31.8373
 145.106 31.8662
 145.293 31.9277
 145.492 31.9701
 145.688 32.0308
 145.875 32.059
 146.063 32.1194
 146.254 32.1625
 146.56 32.2332
 146.662 32.2313
 146.755 32.2611
 146.951 32.2901
 147.045 32.2867
 147.227 32.3264
 147.422 32.3564
 147.609 32.4006
 147.796 32.4427
 147.991 32.5035
 148.194 32.5327
 148.385 32.5767
 148.588 32.6403
 148.783 32.6725
 148.971 32.704
 149.141 32.7411
 149.349 32.788
 149.544 32.8196
 149.732 32.8837
 150.021 32.9459
 150.208 33.009
 150.308 33.0313
 150.394 33.0621
 150.479 33.0935
 150.675 33.1256
 150.87 33.1893
 151.065 33.2208
 151.253 33.2656
 151.441 33.3282
 151.632 33.3733
 151.818 33.4186
 152.029 33.4509
 152.216 33.482
 152.408 33.5259
 152.602 33.5717
 152.883 33.6675
 153.079 33.7012
 153.182 33.7259
 153.276 33.7571
 153.378 33.7895
 153.557 33.8215
 153.776 33.8852
 153.95 33.9278
 154.145 33.9597
 154.34 34.007
 154.543 34.0404
 154.629 34.0416
 154.723 34.0737
 154.917 34.1201
 155.213 34.217
 155.51 34.3125
 155.706 34.3604
 155.9 34.4071
 156.08 34.472
 156.267 34.5379
 156.47 34.6049
 156.681 34.6691
 156.88 34.7178
 157.067 34.7509
 157.27 34.7851
 157.458 34.8513
 157.645 34.884
 157.833 34.9489
 157.926 34.9812
 158.031 35.0074
 158.226 35.0413
 158.5 35.1054
 158.596 35.129
 158.893 35.1611
 159.087 35.2083
 159.485 35.3025
 159.578 35.3034
 159.797 35.3663
 159.975 35.4088
 160.166 35.4549
 160.348 35.4976
 160.544 35.5611
 160.751 35.6099
 160.942 35.6559
 161.141 35.7039
 161.391 35.7665
 161.702 35.8404
 161.811 35.8728
 161.905 35.9043
 162 35.9271
 162.187 35.9596
 162.383 36.0222
 162.781 36.1155
 162.961 36.1783
 163.132 36.2415
 163.242 36.2724
 163.34 36.2951
 163.551 36.3266
 163.747 36.3573
 163.929 36.4005
 164.116 36.4013
 164.311 36.4473
 164.514 36.4785
 164.68 36.5182
 164.87 36.5635
 165.081 36.6266
 165.284 36.6591
 165.675 36.7539
 165.858 36.7979
 166.045 36.8298
 166.147 36.8619
 166.24 36.8629
 166.428 36.927
 166.622 36.9748
 166.825 37.0397
 167.028 37.1038
 167.223 37.1362
 167.423 37.1847
 167.6 37.2288
 167.791 37.2754
 167.986 37.308
 168.173 37.3714
 168.364 37.4177
 168.732 37.5128
 168.942 37.5452
 169.12 37.5875
 169.323 37.6197
 169.51 37.6524
 169.698 37.7163
 169.893 37.7483
 170.086 37.7945
 170.273 37.8264
 170.477 37.8589
 170.675 37.9069
 170.878 37.9701
 171.066 38.0332
 171.26 38.08
 171.463 38.1437
 171.642 38.1767
 171.829 38.2212
 172.024 38.2846
 172.215 38.3302
 172.418 38.3938
 172.613 38.4579
 172.807 38.5046
 173.011 38.5538
 173.213 38.602
 173.392 38.6655
 173.572 38.7295
 173.76 38.7934
 173.963 38.8564
 174.166 38.8884
 174.353 38.9516
 174.539 38.997
 174.742 39.0609
 174.961 39.0937
 175.152 39.1405
 175.339 39.1724
 175.503 39.2048
 175.722 39.269
 175.925 39.334
 176.105 39.3668
 176.37 39.4304
 176.581 39.4629
 176.763 39.5081
 176.857 39.5416
 177.052 39.5757
 177.224 39.609
 177.406 39.6551
 177.605 39.7039
 177.8 39.7685
 177.991 39.8164
 178.194 39.8822
 178.397 39.9171
 178.596 39.9671
 178.892 40.0318
 179.079 40.0792
 179.273 40.129
 179.382 40.1956
 179.679 40.2611
 179.858 40.3263
 180.062 40.3779
 180.249 40.4127
 180.452 40.4797
 180.616 40.5473
 180.814 40.5978
 181.025 40.6322
 181.22 40.6672
 181.419 40.7196
 181.605 40.7693
 181.804 40.8207
 181.999 40.8554
 182.19 40.9053
 182.372 40.9534
 182.567 40.9891
 182.762 41.0573
 182.957 41.0937
 183.164 41.1485
 183.358 41.1987
 183.556 41.2506
 183.743 41.2872
 183.942 41.342
 184.13 41.4089
 184.315 41.4584
 184.497 41.5065
 184.7 41.5745
 184.879 41.6124
 185.074 41.6506
 185.276 41.704
 185.474 41.7563
 185.677 41.8239
 185.846 41.8714
 186.053 41.9286
 186.248 41.9986
 186.463 42.0588
 186.644 42.1088
 186.832 42.1464
 187.022 42.1989
 187.224 42.2684
 187.427 42.3401
 187.614 42.3796
 187.808 42.4318
 188.002 42.4696
 188.193 42.5231
 188.375 42.5762
 188.562 42.6443
 188.761 42.698
 188.979 42.7049
 189.174 42.7434
 189.353 42.813
 189.538 42.864
 189.733 42.8998
 189.944 42.9377
 190.139 43.0071
 190.33 43.0585
 190.514 43.1083
 190.717 43.1758
 190.916 43.23
 191.118 43.2993
 191.309 43.3502
 191.519 43.3857
 191.71 43.4375
 191.897 43.4743
 192.092 43.5412
 192.278 43.5912
 192.465 43.6583
 192.655 43.7094
 192.843 43.7457
 193.03 43.7826
 193.233 43.8179
 193.435 43.8839
 193.625 43.9345
 193.914 43.971
 194.104 44.0209
 194.299 44.0862
 194.393 44.112
 194.697 44.1787
 194.869 44.2124
 195.051 44.2603
 195.246 44.3251
 195.447 44.3773
 195.63 44.4257
 195.823 44.478
 196.002 44.5117
 196.189 44.5768
 196.397 44.6302
 196.582 44.679
 196.772 44.7306
 196.967 44.7636
 197.178 44.7972
 197.365 44.8619
 197.553 44.8962
 197.751 44.9487
 197.938 44.9816
 198.126 45.014
 198.321 45.0785
 198.506 45.1268
 198.592 45.128
 198.686 45.1518
 198.889 45.2154
 199.079 45.2631
 199.298 45.2961
 199.484 45.3417
 199.674 45.389
 199.864 45.4358
 200.052 45.4677
 200.247 45.5317
 200.442 45.5624
 200.649 45.6136
 200.829 45.6446
 201.014 45.6907
 201.222 45.7416
 201.417 45.7715
 201.605 45.8018
 201.785 45.8639
 201.975 45.9112
 202.178 45.9723
 202.397 46.0336
 202.588 46.0796
 202.775 46.1105
 202.969 46.1578
 203.159 46.2036
 203.363 46.2644
 203.558 46.3258
 203.738 46.3568
 203.941 46.3867
 204.136 46.4474
 204.335 46.4947
 204.515 46.556
 204.702 46.5871
 204.906 46.6479
 205.104 46.6948
 205.3 46.7556
 205.49 46.8021
 205.685 46.8328
 205.888 46.8933
 206.092 46.9537
 206.272 47.0145
 206.459 47.0445
 206.666 47.0957
 206.854 47.1567
 207.041 47.1856
 207.237 47.2463
 207.424 47.3098
 207.604 47.3733
 207.823 47.4338
 208.018 47.494
 208.198 47.5545
 208.386 47.5853
 208.565 47.6157
 209.036 47.7295
 209.227 47.7766
 209.406 47.8391
 209.5 47.8996
 209.688 47.9275
 209.876 47.9555
 210.075 48.0026
 210.273 48.0525
 210.484 48.0816
 210.658 48.1176
 210.827 48.1554
 211.023 48.219
 211.241 48.2829
 211.44 48.3255
 211.714 48.3812
 211.912 48.4308
 212.115 48.4945
 212.201 48.5223
 212.483 48.5825
 212.579 48.5987
 212.681 48.596
 212.863 48.6391
 212.957 48.6336
 213.231 48.6884
 213.426 48.7276
 213.62 48.7696
 213.723 48.7937
 213.817 48.8164
 213.997 48.838
 214.186 48.8614
 214.389 48.9095
 214.576 48.9423
 214.772 48.994
 214.952 49.0474
 215.14 49.1027
 215.332 49.1393
 215.532 49.1715
 215.736 49.2224
 215.922 49.2571
 216.11 49.282
 216.3 49.3272
 216.499 49.3731
 216.691 49.4057
 216.885 49.4406
 217.093 49.4783
 217.292 49.5227
 217.495 49.5855
 217.691 49.6144
 217.863 49.6352
 218.063 49.678
 218.282 49.6753
 218.48 49.7238
 218.675 49.7852
 218.853 49.8196
 219.049 49.8424
 219.244 49.8733
 219.448 49.9358
 219.634 49.9758
 219.814 50.0022
 220.01 50.0318
 220.2 50.0781
 220.386 50.1242
 220.589 50.1833
 220.777 50.1786
 220.992 50.2288
 221.203 50.2883
 221.368 50.3186
 221.547 50.3821
 221.743 50.4108
 221.958 50.4615
 222.144 50.5052
 222.325 50.5534
 222.528 50.5844
 222.724 50.6463
 222.914 50.6922
 223.086 50.7249
 223.281 50.7581
 223.484 50.8241
 223.687 50.8576
 223.874 50.9221
 224.061 50.987
 224.251 51.0371
 224.453 51.1034
 224.66 51.1575
 224.855 51.2225
 225.05 51.2565
 225.237 51.2905
 225.432 51.3572
 225.635 51.3924
 225.828 51.4436
 226.01 51.4921
 226.197 51.5264
 226.525 51.593
 226.62 51.621
 226.705 51.6554
 226.893 51.6893
 226.986 51.7234
 227.189 51.7892
 227.391 51.8425
 227.593 51.8977
 227.773 51.963
 227.952 52.0287
 228.163 52.0944
 228.35 52.1598
 228.537 52.2256
 228.718 52.2737
 228.908 52.3236
 229.196 52.4202
 229.386 52.4717
 229.48 52.507
 229.57 52.5328
 229.765 52.5977
 229.953 52.6011
 230.171 52.6666
 230.358 52.7022
 230.548 52.7536
 230.751 52.8193
 230.946 52.8852
 231.148 52.9385
 231.321 52.9855
 231.51 53.0363
 231.701 53.0873
 231.899 53.1405
 232.079 53.206
 232.268 53.2575
 232.471 53.2917
 232.682 53.357
 232.859 53.4049
 233.041 53.4538
 233.23 53.5052
 233.428 53.5577
 233.626 53.6102
 233.787 53.6539
 233.977 53.7045
 234.175 53.7569
 234.39 53.8128
 234.591 53.8653
 234.765 53.9122
 234.963 53.9647
 235.153 54.0118
 235.354 54.0617
 235.536 54.1101
 235.717 54.159
 235.907 54.2057
 236.115 54.2566
 236.307 54.3061
 236.489 54.3543
 236.675 54.4021
 236.869 54.4498
 237.083 54.5026
 237.285 54.5519
 237.48 54.6139
 237.668 54.675
 237.853 54.7208
 238.033 54.7508
 238.21 54.7944
 238.397 54.8248
 238.608 54.886
 238.819 54.9154
 238.999 54.9458
 239.189 54.9928
 239.362 55.0353
 239.561 55.0838
 239.756 55.1447
 239.958 55.1935
 240.14 55.2386
 240.327 55.2686
 240.517 55.3149
 240.705 55.3758
 240.893 55.405
 241.072 55.4353
 241.263 55.4818
 241.458 55.5121
 241.669 55.5734
 241.854 55.6186
 242.05 55.6486
 242.253 55.71
 242.43 55.7534
 242.617 55.7996
 242.805 55.8298
 243.008 55.8904
 243.217 55.9423
 243.413 55.9726
 243.6 56.034
 243.79 56.08
 243.972 56.124
 244.24 56.1905
 244.501 56.2548
 244.61 56.2846
 244.829 56.3457
 245.212 56.4378
 245.402 56.4859
 245.621 56.548
 245.729 56.5738
 246.01 56.643
 246.183 56.6848
 246.364 56.7306
 246.574 56.7827
 246.778 56.8325
 246.964 56.8787
 247.145 56.9232
 247.31 56.9639
 247.533 57.0181
 247.749 57.0704
 247.918 57.1153
 248.097 57.1469
 248.262 57.1745
 248.472 57.2241
 248.667 57.2531
 248.855 57.3155
 249.036 57.3605
 249.236 57.411
 249.416 57.438
 249.78 57.5291
 249.987 57.5804
 250.196 57.633
 250.391 57.6664
 250.571 57.6969
 250.767 57.7566
 250.962 57.7861
 251.158 57.8488
 251.355 57.8998
 251.537 57.9457
 251.717 58.0074
 251.924 58.0578
 252.133 58.1099
 252.321 58.173
 252.503 58.22
 252.7 58.274
 252.901 58.3275
 253.081 58.3891
 253.271 58.4362
 253.466 58.5003
 253.666 58.5527
 253.872 58.607
 254.059 58.6733
 254.25 58.72
 254.448 58.7698
 254.649 58.8208
 254.839 58.8702
 255.019 58.9032
 255.2 58.9523
 255.409 59.0079
 255.616 59.0595
 255.819 59.1227
 255.988 59.167
 256.169 59.2144
 256.371 59.2673
 256.568 59.3195
 256.772 59.3705
 256.949 59.4158
 257.13 59.4627
 257.324 59.513
 257.519 59.5769
 257.709 59.6265
 257.904 59.6891
 258.097 59.7382
 258.3 59.8015
 258.503 59.8339
 258.685 59.8812
 258.864 59.9142
 258.958 59.915
 259.164 59.9679
 259.266 59.9675
 259.461 60.0298
 259.647 60.0777
 259.85 60.1307
 260.051 60.1836
 260.24 60.2336
 260.406 60.2753
 260.593 60.3376
 260.804 60.3925
 261.014 60.4473
 261.204 60.4971
 261.472 60.5657
 261.67 60.616
 261.773 60.643
 261.968 60.707
 262.228 60.7744
 262.419 60.8239
 262.52 60.8561
 262.626 60.8842
 262.73 60.9103
 262.917 60.9731
 263.113 61.0062
 263.281 61.0508
 263.477 61.0836
 263.68 61.1468
 263.883 61.1801
 264.076 61.2317
 264.274 61.2842
 264.48 61.3383
 264.748 61.4082
 264.921 61.4545
 265.124 61.4882
 265.227 61.5164
 265.446 61.5795
 265.623 61.6251
 265.796 61.6709
 265.994 61.7231
 266.2 61.7774
 266.395 61.8421
 266.58 61.8901
 266.745 61.9323
 266.952 61.9856
 267.166 62.0419
 267.447 62.1067
 267.637 62.1567
 267.738 62.1589
 267.841 62.1869
 267.951 62.1885
 268.154 62.2828
 268.349 62.3159
 268.526 62.3628
 268.713 62.4274
 268.916 62.492
 269.114 62.5428
 269.308 62.5924
 269.488 62.6565
 269.683 62.7206
 269.87 62.7537
 270.174 62.8331
 270.372 62.8835
 270.57 62.9345
 270.758 62.9671
 270.94 63.0154
 271.12 63.0806
 271.317 63.1319
 271.513 63.1952
 271.702 63.2439
 271.897 63.2774
 272.086 63.328
 272.276 63.3769
 272.464 63.4084
 272.651 63.4401
 272.841 63.4905
 273.039 63.5419
 273.221 63.5892
 273.427 63.6418
 273.612 63.6896
 273.81 63.7417
 274.013 63.7946
 274.206 63.8434
 274.386 63.9052
 274.581 63.9692
 274.762 64.0169
 274.973 64.049
 275.161 64.1116
 275.35 64.1595
 275.538 64.1912
 275.725 64.2542
 275.921 64.286
 276.108 64.3163
 276.28 64.3779
 276.468 64.4097
 276.641 64.4543
 276.844 64.5172
 277.024 64.5786
 277.203 64.6403
 277.385 64.6877
 277.572 64.7198
 277.76 64.7811
 277.956 64.7793
 278.135 64.8108
 278.317 64.8582
 278.52 64.9211
 278.718 64.9713
 278.906 65.0008
 279.091 65.0482
 279.262 65.1108
 279.466 65.1428
 279.672 65.1953
 279.854 65.2397
 280.026 65.2387
 280.206 65.2693
 280.386 65.3311
 280.592 65.3832
 280.772 65.4132
 280.97 65.4641
 281.168 65.515
 281.348 65.5457
 281.512 65.5764
 281.707 65.6378
 281.905 65.6865
 282.093 65.7484
 282.28 65.779
 282.452 65.8409
 282.64 65.9029
 282.812 65.9328
 283.015 65.9949
 283.187 66.0255
 283.367 66.0875
 283.554 66.1177
 283.75 66.1783
 283.938 66.2077
 284.125 66.2695
 284.313 66.3313
 284.594 66.3925
 284.79 66.4536
 284.993 66.4842
 285.2 66.5371
 285.387 66.5992
 285.567 66.6603
 285.76 66.7085
 285.953 66.7575
 286.336 66.8509
 286.524 66.9114
 286.615 66.9333
 286.911 67.0091
 287.099 67.0714
 287.287 67.1331
 287.466 67.1632
 287.654 67.2238
 287.869 67.2772
 288.049 67.3083
 288.242 67.3575
 288.437 67.419
 288.625 67.4805
 288.805 67.5098
 288.991 67.5565
 289.171 67.6182
 289.359 67.6486
 289.557 67.6988
 289.776 67.823
 289.956 67.8841
 290.128 67.9444
 290.31 67.9895
 290.489 68.0507
 290.708 68.0496
 290.882 68.0932
 290.981 68.1175
 291.075 68.1468
 291.265 68.1936
 291.469 68.2551
 291.648 68.3166
 291.82 68.346
 292.019 68.3949
 292.183 68.4254
 292.352 68.4683
 292.542 68.5165
 292.753 68.5696
 292.925 68.5993
 293.124 68.6488
 293.303 68.6787
 293.499 68.74
 293.687 68.7698
 293.874 68.7994
 294.081 68.8511
 294.253 68.9125
 294.443 68.9606
 294.623 68.9905
 294.829 69.0424
 295.009 69.1035
 295.204 69.1651
 295.4 69.2265
 295.603 69.2564
 295.799 69.3173
 295.992 69.3656
 296.182 69.414
 296.37 69.4443
 296.565 69.4938
 296.752 69.5236
 296.932 69.5532
 297.121 69.6001
 297.324 69.6294
 297.509 69.6764
 297.712 69.7377
 297.905 69.7865
 298.104 69.8362
 298.299 69.897
 298.495 69.9571
 298.683 69.9873
 298.873 70.0354
 299.071 70.085
 299.248 70.1293
 299.508 70.195
 299.727 70.224
 299.936 70.2761
 300.115 70.3059
 300.293 70.3505
 300.465 70.3798
 300.645 70.4401
 300.851 70.4919
 301.041 70.539
 301.213 70.5685
 301.395 70.6142
 301.584 70.662
 301.783 70.712
 301.97 70.7726
 302.169 70.8216
 302.356 70.8505
 302.552 70.8804
 302.758 70.933
 302.938 70.9624
 303.128 71.01
 303.308 71.0699
 303.504 71.0985
 303.706 71.1498
 303.891 71.1964
 304.081 71.2439
 304.271 71.2915
 304.459 71.3527
 304.654 71.3825
 304.836 71.4282
 305.018 71.4737
 305.219 71.5242
 305.406 71.5852
 305.586 71.6463
 305.776 71.6942
 305.964 71.7234
 306.172 71.7755
 306.367 71.8365
 306.565 71.887
 306.737 71.9164
 306.933 71.9456
 307.142 71.9978
 307.314 72.0579
 307.494 72.0875
 307.676 72.1331
 307.856 72.1625
 308.056 72.213
 308.236 72.258
 308.417 72.3038
 308.597 72.3648
 308.8 72.4256
 308.991 72.4734
 309.178 72.5023
 309.366 72.5632
 309.556 72.6116
 309.762 72.6641
 309.942 72.7248
 310.114 72.7851
 310.294 72.8455
 310.501 72.8985
 310.689 72.9284
 310.875 72.9756
 311.047 72.9736
 311.248 73.0238
 311.454 73.0768
 311.634 73.1379
 311.824 73.186
 312.017 73.2345
 312.204 73.2958
 312.376 73.326
 312.556 73.3869
 312.729 73.4307
 312.933 73.4913
 313.147 73.5466
 313.345 73.5974
 313.502 73.6583
 313.774 73.7279
 313.954 73.758
 314.04 73.7569
 314.135 73.7805
 314.236 73.8103
 314.416 73.8395
 314.635 73.9002
 314.828 73.9501
 315.026 74.0012
 315.203 74.0463
 315.405 74.0982
 315.604 74.149
 315.799 74.2106
 315.973 74.2552
 316.149 74.3005
 316.337 74.3299
 316.54 74.3908
 316.746 74.444
 317.012 74.5364
 317.189 74.5812
 317.393 74.6422
 317.502 74.6726
 317.674 74.7027
 317.87 74.7637
 318.057 74.8116
 318.265 74.865
 318.445 74.911
 318.625 74.9718
 318.805 74.9707
 319.011 75.0239
 319.183 75.085
 319.45 75.1541
 319.614 75.1844
 319.721 75.2117
 319.831 75.2417
 319.941 75.2716
 320.144 75.3327
 320.321 75.3779
 320.516 75.4074
 320.694 75.4535
 320.897 75.4832
 321.102 75.5361
 321.266 75.5655
 321.439 75.6103
 321.621 75.6573
 321.84 75.6871
 322.119 75.7601
 322.218 75.785
 322.297 75.8144
 322.398 75.8447
 322.492 75.8747
 322.693 75.9267
 322.881 75.9878
 323.069 76.0489
 323.241 76.0934
 323.439 76.1449
 323.642 76.2058
 323.822 76.2355
 323.994 76.2966
 324.174 76.3267
 324.362 76.3563
 324.56 76.4074
 324.724 76.4688
 324.904 76.5155
 325.092 76.5762
 325.28 76.6059
 325.483 76.6584
 325.67 76.7195
 325.842 76.7801
 326.042 76.8312
 326.229 76.8612
 326.415 76.9098
 326.595 76.9393
 326.783 76.9999
 326.97 77.0606
 327.158 77.1218
 327.322 77.1517
 327.51 77.1809
 327.699 77.2337
 327.909 77.2866
 328.073 77.3163
 328.253 77.3458
 328.442 77.394
 328.657 77.4481
 328.861 77.5081
 329.041 77.569
 329.222 77.6163
 329.425 77.6459
 329.623 77.6963
 329.819 77.7565
 329.999 77.8018
 330.186 77.8322
 330.374 77.8932
 330.56 77.9408
 330.748 78.0011
 330.938 78.0498
 331.141 78.1111
 331.342 78.1637
 331.546 78.2236
 331.734 78.2523
 331.914 78.2812
 332.086 78.3426
 332.29 78.3964
 332.48 78.4442
 332.644 78.504
 332.832 78.5639
 333.033 78.6163
 333.205 78.6468
 333.385 78.7061
 333.546 78.7458
 333.75 78.7744
 333.953 78.8348
 334.134 78.8817
 334.314 78.9109
 334.486 78.9713
 334.671 79.02
 334.874 79.0833
 335.063 79.134
 335.256 79.1856
 335.441 79.2348
 335.645 79.266
 335.834 79.317
 335.998 79.3487
 336.162 79.4114
 336.38 79.4739
 336.572 79.5255
 336.884 79.5887
 337.048 79.6203
 337.158 79.6521
 337.345 79.715
 337.537 79.7667
 337.718 79.8152
 337.89 79.8782
 338.109 79.8786
 338.328 79.941
 338.512 79.9906
 338.694 80.0389
 338.866 80.1013
 339.084 80.1642
 339.273 80.2153
 339.446 80.2621
 339.61 80.293
 339.891 80.387
 340.095 80.4187
 340.196 80.4505
 340.295 80.4779
 340.373 80.4786
 340.653 80.5535
 340.825 80.6153
 340.923 80.6416
 341.017 80.6726
 341.204 80.7044
 341.572 80.7986
 341.671 80.8251
 341.77 80.8514
 341.957 80.9142
 342.049 80.9395
 342.127 80.9402
 342.315 81.0034
 342.612 81.0959
 342.702 81.1197
 342.882 81.1823
 343.069 81.1828
 343.177 81.2124
 343.271 81.238
 343.458 81.2998
 343.648 81.3498
 343.82 81.3966
 343.984 81.4594
 344.204 81.5188
 344.404 81.5717
 344.591 81.6024
 344.767 81.6502
 344.965 81.7032
 345.176 81.7602
 345.379 81.8213
 345.559 81.8834
 345.727 81.9289
 345.934 81.9846
 346.121 82.0461
 346.301 82.0759
 346.489 82.1379
 346.669 82.1999
 346.882 82.2572
 347.08 82.3102
 347.236 82.3717
 347.392 82.4026
 347.595 82.4652
 347.814 82.5904
 348.003 82.6416
 348.198 82.704
 348.366 82.7504
 348.569 82.8133
 348.757 82.8454
 348.96 82.8773
 349.147 82.9408
 349.323 82.99
 349.51 83.0545
 349.69 83.0875
 349.861 83.1514
 350.033 83.1854
 350.236 83.2449
 350.455 83.3091
 350.634 83.3752
 350.813 83.4414
 350.992 83.4769
 351.179 83.5444
 351.366 83.6119
 351.568 83.6786
 351.74 83.7138
 351.936 83.7756
 352.161 83.8477
 352.355 83.8876
 352.542 83.9566
 352.717 84.011
 352.887 84.0842
 353.089 84.1564
 353.244 84.1963
 353.43 84.2662
 353.629 84.3318
 353.814 84.4062
 353.992 84.4836
 354.255 84.559
 354.512 84.6425
 354.62 84.686
 354.727 84.7309
 354.944 84.8067
 355.13 84.8711
 355.32 84.9377
 355.506 85.0068
 355.675 85.0592
 355.844 85.1403
 356.029 85.22
 356.23 85.2984
 356.416 85.3665
 356.687 85.4492
 356.864 85.52
 356.969 85.5697
 357.059 85.6249
 357.158 85.6764
 357.342 85.7288
 357.518 85.8181
 357.686 85.874
 357.871 85.949
 358.09 86.0301
 358.275 86.1096
 358.448 86.1752
 358.624 86.261
 358.824 86.3476
 359.008 86.4349
 359.185 86.5038
 359.358 86.5739
 359.558 86.6573
 359.883 86.7423
 360.067 86.7933
 360.244 86.8727
 360.441 86.9425
 360.656 87.0288
 360.84 87.1172
 361.04 87.1994
 361.389 87.3393
 361.591 87.4181
 361.776 87.4955
 361.851 87.5488
 362.145 87.6598
 362.348 87.7306
 362.533 87.8084
 362.707 87.8782
 362.899 87.9612
 363.08 88.0302
 363.274 88.1061
 363.459 88.1553
 363.612 88.2383
 363.781 88.2881
 363.974 88.3688
 364.175 88.4489
 364.356 88.524
 364.524 88.6091
 364.707 88.6683
 364.913 88.7539
 365.098 88.8304
 365.288 88.9008
 365.464 88.9874
 365.648 89.0711
 365.847 89.1615
 366.049 89.2436
 366.221 89.316
 366.389 89.3701
 366.572 89.4551
 366.773 89.5413
 366.976 89.6174
 367.153 89.6642
 367.337 89.7462
 367.52 89.8314
 367.703 89.9249
 367.875 90.0018
 368.059 90.0868
 368.243 90.1691
 368.453 90.2521
 368.637 90.3376
 368.805 90.42
 368.974 90.4916
 369.159 90.5657
 369.36 90.6509
 369.528 90.7383
 369.697 90.8215
 369.881 90.9075
 370.074 90.9828
 370.259 91.0305
 370.428 91.0984
 370.626 91.1753
 370.814 91.2603
 370.997 91.3505
 371.158 91.4305
 371.344 91.4719
 371.534 91.5453
 371.719 91.5981
 371.903 91.6812
 372.103 91.7618
 372.273 91.8253
 372.458 91.8969
 372.642 91.9809
 372.842 92.0328
 373.023 92.1001
 373.122 92.1485
 373.21 92.1904
 373.396 92.2347
 373.707 92.3078
 373.908 92.3841
 374.102 92.4559
 374.202 92.5017
 374.387 92.5525
 374.581 92.6202
 374.665 92.6552
 374.741 92.6685
 374.918 92.7321
 375.118 92.8125
 375.319 92.8889
 375.498 92.956
 375.675 93.0141
 375.867 93.0824
 376.254 93.2078
 376.424 93.2668
 376.603 93.3352
 376.789 93.3933
 377.069 93.4988
 377.264 93.5664
 377.356 93.6076
 377.558 93.6452
 377.752 93.7112
 377.939 93.7797
 378.101 93.8503
 378.28 93.9169
 378.467 93.9866
 378.669 94.0532
 378.841 94.1151
 379.021 94.1657
 379.201 94.2229
 379.396 94.2845
 379.709 94.3801
 379.913 94.4355
 380.023 94.4595
 380.196 94.5165
 380.367 94.5576
 380.562 94.6228
 380.733 94.6864
 380.898 94.7441
 381.088 94.7945
 381.286 94.8523
 381.473 94.919
 381.661 94.9813
 381.864 95.042
 382.143 95.1186
 382.345 95.185
 382.525 95.248
 382.634 95.2812
 382.821 95.313
 383.009 95.3755
 383.211 95.4107
 383.404 95.4673
 383.571 95.519
 383.759 95.5739
 383.943 95.6254
 384.139 95.6889
 384.31 95.7558
 384.511 95.7959
 384.714 95.8332
 384.919 95.8924
 385.09 95.9606
 385.261 96.0184
 385.525 96.1024
 385.722 96.1614
 385.831 96.1913
 385.908 96.2318
 386 96.2686
 386.171 96.3395
 386.379 96.4103
 386.577 96.4752
 386.782 96.5339
 386.961 96.5929
 387.143 96.6538
 387.361 96.722
 387.563 96.7868
 387.736 96.815
 388.002 96.9043
 388.197 96.9705
 388.285 97.0055
 388.383 97.0396
 388.57 97.1042
 388.789 97.1344
 388.993 97.1928
 389.188 97.2554
 389.281 97.293
 389.546 97.3566
 389.765 97.4185
 389.964 97.4727
 390.151 97.5334
 390.323 97.5987
 390.495 97.6492
 390.691 97.7066
 390.91 97.7675
 391.098 97.8247
 391.285 97.892
 391.487 97.9265
 391.671 97.9829
 391.867 98.0404
 392.062 98.1053
 392.233 98.1744
 392.419 98.2104
 392.606 98.2764
 392.811 98.341
 393.013 98.4118
 393.215 98.481
 393.417 98.5492
 393.616 98.6099
 393.804 98.6749
 393.974 98.7468
 394.16 98.8173
 394.364 98.8828
 394.558 98.9522
 394.736 98.9957
 394.926 99.062
 395.121 99.1281
 395.323 99.1656
 395.524 99.2429
 395.693 99.306
 395.882 99.374
 396.085 99.4429
 396.287 99.5159
 396.456 99.5915
 396.641 99.6378
 396.823 99.7053
 397.017 99.7727
 397.22 99.8398
 397.39 99.9189
 397.574 99.9968
 397.744 100.073
 397.93 100.115
 398.124 100.18
 398.315 100.244
 398.5 100.316
 398.669 100.361
 398.839 100.436
 399.01 100.508
 399.194 100.591
 399.394 100.672
 399.579 100.75
 399.748 100.826
 399.934 100.899
 400.103 100.979
 400.303 101.061
 400.472 101.109
 400.641 101.187
 400.827 101.261
 401.027 101.344
 401.242 101.394
 401.427 101.474
 401.612 101.521
 401.797 101.596
 401.99 101.679
 402.159 101.731
 402.328 101.811
 402.606 101.89
 402.896 102.003
 403.072 102.079
 403.162 102.132
 403.472 102.245
 403.638 102.338
 403.824 102.422
 404.009 102.503
 404.208 102.591
 404.378 102.675
 404.575 102.773
 404.75 102.856
 404.932 102.918
 405.205 103.059
 405.395 103.156
 405.585 103.25
 405.677 103.312
 405.842 103.41
 406.021 103.495
 406.216 103.603
 406.406 103.702
 406.587 103.768
 406.769 103.835
 406.955 103.946
 407.135 104.05
 407.315 104.156
 407.465 104.258
 407.662 104.357
 407.855 104.479
 408.144 104.62
 408.324 104.726
 408.505 104.826
 408.596 104.891
 408.777 104.994
 408.969 105.108
 409.148 105.22
 409.312 105.297
 409.509 105.364
 409.686 105.488
 409.881 105.597
 410.045 105.705
 410.226 105.8
 410.402 105.893
 410.486 105.978
 410.775 106.119
 410.871 106.193
 410.949 106.26
 411.137 106.364
 411.127 106.423
 411.094 106.473
 411.084 106.53
 411.077 106.569
 411.07 106.611
 411.062 106.66
 411.054 106.709
 411.046 106.755
 411.038 106.797
 411.031 106.839
 411.024 106.881
 411.017 106.924
