0  0 -0.000344179
0  0 -0.000344179
0  0 -0.000293215
0  0 -0.000238063
0  0 -0.000274889
0  0 -0.00029531
0  0 -0.000530231
0  0 -0.000305084
0  0 -0.000303687
0  0 -0.00036041
0  0 -0.000533198
0  0 -0.000334056
0  0 -0.000322537
0  0 -0.000426209
0  0 -0.000301593
0  0 -0.000332311
0  0 -0.000287979
0  0 -0.000481711
0  0 -0.00031765
0  0 -0.000381005
0  0 -0.00027646
0  0 -0.000197397
0  0 -0.000714189
0  0 -0.000249233
0  0 -0.000270701
0  0 -0.000219562
0  0 -0.000287979
0  0 -0.000622035
0  0 -0.000296706
0  0 -0.000296706
0  0 -0.000274889
0  0 -0.000270526
0  0 -0.000633555
0  0 -0.000332311
0  0 -0.000264941
0  0 -0.000287979
0  0 -0.00030264
0  0 -0.000587478
0  0 -0.000332311
0  0 -0.000374373
0  0 -0.000284838
0  0 -0.000299498
0  0 -0.00055292
0  0 -0.000356047
0  0 -0.000374373
0  0 -0.000345575
0  0 -0.000332311
0  0 -0.00082938
0  0 -0.000350113
0  0 -0.000339816
0  0 -0.000161268
0  0 -0.000178024
0  0 -0.000495324
0  0 -0.000332311
0  0 -0.000287979
0  0 -0.000339816
0  0 -0.000290772
0  0 -0.000270701
0  0 -0.000561298
0  0 -0.000247662
0  0 -0.000366519
0  0 -0.000351858
0  0 -0.000253422
0  0 -0.000491136
0  0 -0.000362854
0  0 -0.000326377
0  0 -0.000264941
0  0 -0.000357094
0  0 -0.00040928
0  0 -0.000380133
0  0 -0.000264941
0  0 -0.00030264
0  0 -0.000334056
0  0 -0.000760091
0  0 -0.000368614
0  0 -0.00028222
0  0 -0.000284838
0  0 -0.000380133
0  0 -0.00063146
0  0 -0.000230383
0  0 -0.000247662
0  0 -0.000284838
0  0 -0.000195826
0  0 -0.000689929
0  0 -0.000350113
0  0 -0.00027646
0  0 -0.000219911
0  0 -0.000236143
0  0 -0.000619766
0  0 -0.000334056
0  0 -0.000230383
0  0 -0.000338245
0  0 -0.000213628
0  0 -0.000379784
0  0 -0.000666541
0  0 -0.000247662
0  0 -0.000308574
0  0 -0.000293739
0  0 -0.00027297
0  0 -0.000587478
0  0 -0.000328296
0  0 -0.000680678
0  0 -0.000385718
0  0 -0.00028222
0  0 -0.000783478
0  0 -0.00055292
0  0 -0.000225497
0  0 -0.000278904
0  0 -0.00041469
0  0 -0.000351335
0  0 -0.000483805
0  0 -0.00027297
0  0 -0.000264941
0  0 -0.000207345
0  0 -0.00037385
0  0 -0.000587478
0  0 -0.000284838
0  0 -0.000237365
0  0 -0.000323933
0  0 -0.000326377
0  0 -0.000403171
0  0 -0.000166155
0  0 -0.000245044
0  0 -0.000446804
0  0 -0.000320442
0  0 -0.00055292
0  0 -0.000224624
0  0 -0.000241903
0  0 -0.000439125
0  0 -0.000264941
0  0 -0.000736704
0  0 -0.000287979
0  0 -0.000339816
0  0 -0.000338245
0  0 -0.000334056
0  0 -0.000491136
0  0 -0.000495324
0  0 -0.000243299
0  0 -0.000907571
0  0 -0.000345575
0  0 -0.000351335
0  0 -0.000332311
0  0 -0.000403171
0  0 -0.000293739
0  0 -0.000420973
0  0 -0.000643154
0  0 -0.000247662
0  0 -0.000479442
0  0 -0.00069115
0  0 -0.000350113
0  0 -0.000270701
0  0 -0.00102974
0  0 -0.000293739
0  0 -0.00040352
0  0 -0.000368614
0  0 -0.000368614
0  0 -0.000654848
0  0 -0.000403171
0  0 -0.000249233
0  0 -0.000299498
0  0 -0.000339816
0  0 -0.000760091
0  0 -0.000287979
0  0 -0.000249233
0  0 -0.000351335
0  0 -0.000308574
0  0 -0.00041469
0  0 -0.000213105
0  0 -0.000261101
0  0 -0.000293739
0  0 -0.000408931
0  0 -0.000877028
0  0 -0.000305433
0  0 -0.000234572
0  0 -0.00041469
0  0 -0.000347146
0  0 -0.00020176
0  0 -0.000567057
0  0 -0.000261101
0  0 -0.000362854
0  0 -0.000368614
0  0 -0.000456055
0  0 -0.000293739
0  0 -0.000332311
0  0 -0.000231431
0  0 -0.000342259
0  0 -0.00062762
0  0 -0.000259181
0  0 -0.00030264
0  0 -0.000587478
0  0 -0.000320442
0  0 -0.000253422
0  0 -0.000334056
0  0 -0.000356047
0  0 -0.000760265
0  0 -0.00027297
0  0 -0.000236143
0  0 -0.000241903
0  0 -0.000361981
0  0 -0.000656593
0  0 -0.000284838
0  0 -0.000332311
0  0 -0.000287107
0  0 -0.000178547
0  0 -0.000622035
0  0 -0.00037385
0  0 -0.000247662
0  0 -0.000385892
0  0 -0.000284838
0  0 -0.000529882
0  0 -0.000296706
0  0 -0.000368614
0  0 -0.00101229
0  0 -0.000305258
0  0 -0.000213628
0  0 -0.000374373
0  0 -0.000619766
0  0 -0.000598997
0  0 -0.000433191
0  0 -0.000351335
0  0 -0.000259181
0  0 -0.000467748
0  0 -0.00027297
0  0 -0.00028222
0  0 -0.000218864
0  0 -0.000305258
0  0 -0.000596379
0  0 -0.000261101
0  0 -0.000264941
0  0 -0.000293739
0  0 -0.000195826
0  0 -0.000483805
0  0 -0.000328296
0  0 -0.000367915
0  0 -0.000259181
0  0 -0.000322537
0  0 -0.000596379
0  0 -0.000241903
0  0 -0.000344179
0  0 -0.000437729
0  0 -0.000247662
0  0 -0.000760091
0  0 -0.000299498
0  0 -0.000243299
0  0 -0.000385892
0  0 -0.000247662
0  0 -0.000596379
0  0 -0.000345575
0  0 -0.00027297
0  0 -0.000299498
0  0 -0.000502829
0  0 -0.000316777
0  0 -0.000345575
0  0 -0.000237365
0  0 -0.000925025
0  0 -0.000362854
0  0 -0.000378736
0  0 -0.000273668
0  0 -0.00056444
0  0 -0.000344179
0  0 -0.000783304
0  0 -0.00030264
0  0 -0.000656593
0  0 -0.000308574
0  0 -0.000293739
0  0 -0.000289027
0  0 -0.000302989
0  0 -0.000314159
0  0 -0.000592016
0  0 -0.000421323
0  0 -0.000299324
0  0 -0.0003084
0  0 -0.000535118
0  0 -0.000293739
0  0 -0.000555015
0  0 -0.000261101
0  0 -0.00069115
0  0 -0.000332311
0  0 -0.000345575
0  0 -0.000264941
0  0 -0.000261101
0  0 -0.000722566
0  0 -0.000647866
0  0 -0.000345575
0  0 -0.000254294
0  0 -0.00056444
0  0 -0.000255167
0  0 -0.000244346
0  0 -0.000329344
0  0 -0.000293739
0  0 -0.000249233
0  0 -0.000713316
0  0 -0.000345575
0  0 -0.000328296
0  0 -0.000308574
0  0 -0.000541401
0  0 -0.000344179
0  0 -0.000296706
0  0 -0.000212232
0  0 -0.000290772
0  0 -0.000495324
0  0 -0.000280998
0  0 -0.000351858
0  0 -0.000256912
0  0 -0.000351684
0  0 -0.000598997
0  0 -0.00027297
0  0 -0.000345575
0  0 -0.00030264
0  0 -0.000264941
0  0 -0.000610516
0  0 -0.000367915
0  0 -0.000403171
0  0 -0.000287979
0  0 -0.00027297
0  0 -0.000575959
0  0 -0.000278904
0  0 -0.000316777
0  0 -0.000270701
0  0 -0.000261101
0  0 -0.000714189
0  0 -0.000284838
0  0 -0.000299498
0  0 -0.000328296
0  0 -0.00030264
0  0 -0.000806342
0  0 -0.000278904
0  0 -0.000357094
0  0 -0.000339816
0  0 -0.000261101
0  0 -0.000449248
0  0 -0.000308574
0  0 -0.000748746
0  0 -0.000261101
0  0 -0.000748746
0  0 -0.000284838
0  0 -0.000213105
0  0 -0.000161268
0  0 -0.000332311
0  0 -0.000656593
0  0 -0.000344179
0  0 -0.000241903
0  0 -0.000247662
0  0 -0.000379784
0  0 -0.000426209
0  0 -0.000284838
0  0 -0.000264941
0  0 -0.000293739
0  0 -0.000361981
0  0 -0.000622035
0  0 -0.000356047
0  0 -0.000387463
0  0 -0.000274889
0  0 -0.000371406
0  0 -0.000610516
0  0 -0.000314159
0  0 -0.000338245
0  0 -0.000195826
0  0 -0.000592016
0  0 -0.000402124
0  0 -0.0003084
0  0 -0.000977384
0  0 -0.000232478
0  0 -0.000314159
0  0 -0.000270526
0  0 -0.000283441
0  0 -0.000467748
0  0 -0.000372628
0  0 -0.000223402
0  0 -0.000351335
0  0 -0.000408931
0  0 -0.000654848
0  0 -0.000287979
0  0 -0.000218864
0  0 -0.000350113
0  0 -0.000190066
0  0 -0.000783478
0  0 -0.000296706
0  0 -0.000236143
0  0 -0.000236143
0  0 -0.000374373
0  0 -0.000608073
0  0 -0.000379784
0  0 -0.000218864
0  0 -0.000253422
0  0 -0.000280998
0  0 -0.000657989
0  0 -0.000356047
0  0 -0.000305433
0  0 -0.000270526
0  0 -0.000320442
0  0 -0.000645074
0  0 -0.000290772
0  0 -0.000178024
0  0 -0.000368614
0  0 -0.000262672
0  0 -0.000737402
0  0 -0.00037385
0  0 -0.000351858
0  0 -0.000296706
0  0 -0.00041469
0  0 -0.000267035
0  0 -0.000311018
0  0 -0.000287979
0  0 -0.000237365
0  0 -0.000750492
0  0 -0.000320442
0  0 -0.000293739
0  0 -0.000167028
0  0 -0.000472286
0  0 -0.000308574
0  0 -0.000224624
0  0 -0.000348717
0  0 -0.000287979
0  0 -0.000553967
0  0 -0.000275937
0  0 -0.000344179
0  0 -0.000322537
0  0 -0.000345575
0  0 -0.000572992
0  0 -0.000495324
0  0 -0.00040352
0  0 -0.000368614
0  0 -0.00027646
0  0 -0.000296706
0  0 -0.000293739
0  0 -0.00028222
0  0 -0.000748397
0  0 -0.000259181
0  0 -0.000278904
0  0 -0.000362854
0  0 -0.000491136
0  0 -0.000322537
0  0 -0.000213105
0  0 -0.000397586
0  0 -0.000322537
0  0 -0.000491136
0  0 -0.000311018
0  0 -0.00027646
0  0 -0.000338245
0  0 -0.000241903
0  0 -0.000549604
0  0 -0.000362854
0  0 -0.000316777
0  0 -0.000356047
0  0 -0.000195826
0  0 -0.000561298
0  0 -0.000244346
0  0 -0.000443488
0  0 -0.000262498
0  0 -0.000241903
0  0 -0.000432667
0  0 -0.000362854
0  0 -0.000241903
0  0 -0.00040352
0  0 -0.000322537
0  0 -0.000865334
0  0 -0.000374373
0  0 -0.000262672
0  0 -0.000234572
0  0 -0.000184307
0  0 -0.000596379
0  0 -0.000351335
0  0 -0.000241903
0  0 -0.000356047
0  0 -0.000259181
0  0 -0.000760091
0  0 -0.000403171
0  0 -0.000247662
0  0 -0.000278904
0  0 -0.000345575
0  0 -0.000572992
0  0 -0.000213105
0  0 -0.000224624
0  0 -0.00027297
0  0 -0.000236143
0  0 -0.000549604
0  0 -0.00028222
0  0 -0.000345575
0  0 -0.000231431
0  0 -0.000149749
0  0 -0.000608073
0  0 -0.000320442
0  0 -0.000371406
0  0 -0.000303513
0  0 -0.000217817
0  0 -0.000596379
0  0 -0.000403171
0  0 -0.000256563
0  0 -0.000293215
0  0 -0.00030264
0  0 -0.00069115
0  0 -0.000378736
0  0 -0.000737402
0  0 -0.000249233
0  0 -0.000645074
0  0 -0.000361981
0  0 -0.000316777
0  0 -0.000241903
0  0 -0.000342085
0  0 -0.00048782
0  0 -0.000231431
0  0 -0.00022602
0  0 -0.000357094
0  0 -0.00029531
0  0 -0.000323933
0  0 -0.000316777
0  0 -0.000241903
0  0 -0.000296706
0  0 -0.000351335
0  0 -0.000806866
0  0 -0.000322537
0  0 -0.000299498
0  0 -0.000439125
0  0 -0.000270701
0  0 -0.000514523
0  0 -0.000374373
0  0 -0.000314508
0  0 -0.000270701
0  0 -0.000299498
0  0 -0.000467748
0  0 -0.00027646
0  0 -0.000323759
0  0 -0.000357443
0  0 -0.000293739
0  0 -0.000795172
0  0 -0.000264941
0  0 -0.000280998
0  0 -0.000374199
0  0 -0.000259181
0  0 -0.000526217
0  0 -0.000149749
0  0 -0.00030264
0  0 -0.000155509
0  0 -0.00027297
0  0 -0.000426209
0  0 -0.000431969
0  0 -0.000155509
0  0 -0.000421323
0  0 -0.000357094
0  0 -0.000479442
0  0 -0.000236143
0  0 -0.000339816
0  0 -0.000802851
0  0 -0.00027297
0  0 -0.000264941
0  0 -0.000247662
0  0 -0.000249233
0  0 -0.000645074
0  0 -0.000166155
0  0 -0.000270701
0  0 -0.000322537
0  0 -0.000344179
0  0 -0.000714189
0  0 -0.000314508
0  0 -0.000316777
0  0 -0.000444361
0  0 -0.000339816
0  0 -0.000830253
0  0 -0.000314508
0  0 -0.000312763
0  0 -0.000344179
0  0 -0.000293739
0  0 -0.000374199
0  0 -0.000391652
0  0 -0.000219562
0  0 -0.000328296
0  0 -0.000733038
0  0 -0.000320442
0  0 -0.000238936
0  0 -0.000232827
0  0 -0.000264941
0  0 -0.000643154
0  0 -0.000287979
0  0 -0.000218864
0  0 -0.000189892
0  0 -0.000351335
0  0 -0.000701622
0  0 -0.000270701
0  0 -0.000280998
0  0 -0.000234572
0  0 -0.000357094
0  0 -0.000654848
0  0 -0.000264941
0  0 -0.000339816
0  0 -0.000290772
0  0 -0.000305258
0  0 -0.000820305
0  0 -0.000230383
0  0 -0.00027297
0  0 -0.000495324
0  0 -0.000249233
0  0 -0.000342085
0  0 -0.000367915
0  0 -0.000275937
0  0 -0.000357094
0  0 -0.000195826
0  0 -0.000316777
0  0 -0.000247662
0  0 -0.000332311
0  0 -0.000437729
0  0 -0.000267035
0  0 -0.000293739
0  0 -0.000351335
0  0 -0.000219562
0  0 -0.00069115
0  0 -0.000225497
0  0 -0.000403171
0  0 -0.000467748
0  0 -0.000575959
0  0 -0.000314508
0  0 -0.000264941
0  0 -0.000287979
0  0 -0.000332311
0  0 -0.00127409
0  0 -0.000316777
0  0 -0.000322537
0  0 -0.00027297
0  0 -0.000794823
0  0 -0.000237365
0  0 -0.000293739
0  0 -0.000408931
0  0 -0.000284838
0  0 -0.000190066
0  0 -0.000907571
0  0 -0.000224624
0  0 -0.000385718
0  0 -0.000322537
0  0 -0.000526217
0  0 -0.000633555
0  0 -0.000320442
0  0 -0.000322537
0  0 -0.000596379
0  0 -0.000316777
0  0 -0.000264941
0  0 -0.000608073
0  0 -0.00053791
0  0 -0.000351335
0  0 -0.000277682
0  0 -0.000293215
0  0 -0.000213803
0  0 -0.000601266
0  0 -0.000311018
0  0 -0.000345575
0  0 -0.000332311
0  0 -0.000115192
0  0 -0.00053791
0  0 -0.000293739
0  0 -0.000356047
0  0 -0.000351335
0  0 -0.000305258
0  0 -0.000572992
0  0 -0.000190066
0  0 -0.000253422
0  0 -0.00037385
0  0 -0.000290772
0  0 -0.000368614
0  0 -0.000270701
0  0 -0.000270701
0  0 -0.000284838
0  0 -0.000264941
0  0 -0.000596379
0  0 -0.000397411
0  0 -0.000293739
0  0 -0.000219562
0  0 -0.000293739
0  0 -0.000654848
0  0 -0.00028222
0  0 -0.000270701
0  0 -0.000332311
0  0 -0.000316777
0  0 -0.00063146
0  0 -0.000311018
0  0 -0.000376991
0  0 -0.0003084
0  0 -0.000184307
0  0 -0.00072501
0  0 -0.000357094
0  0 -0.000287979
0  0 -0.000320442
0  0 -0.000628319
0  0 -0.000201586
0  0 -0.000207345
0  0 -0.000118682
0  0 -0.000575959
0  0 -0.000308574
0  0 -0.000299498
0  0 -0.000236143
0  0 -0.000338245
0  0 -0.000529882
0  0 -0.000356047
0  0 -0.000311018
0  0 -0.000287979
0  0 -0.000326377
0  0 -0.000293739
0  0 -0.000444361
0  0 -0.000852419
0  0 -0.000356047
0  0 -0.000339816
0  0 -0.000432667
0  0 -0.000172788
0  0 -0.000299498
0  0 -0.000237365
0  0 -0.000316777
0  0 -0.000736704
0  0 -0.00030264
0  0 -0.000575959
0  0 -0.000380133
0  0 -0.00063146
0  0 -0.000231431
0  0 -0.000256563
0  0 -0.000265116
0  0 -0.000274889
0  0 -0.000387463
0  0 -0.000596204
0  0 -0.000249233
0  0 -0.000236143
0  0 -0.000328296
0  0 -0.000654848
0  0 -0.000374373
0  0 -0.000293739
0  0 -0.000284838
0  0 -0.000328296
0  0 -0.000771785
0  0 -0.000339816
0  0 -0.000322537
0  0 -0.000314508
0  0 -0.000357094
0  0 -0.00072501
0  0 -0.000362854
0  0 -0.000236143
0  0 -0.00027297
0  0 -0.000748746
0  0 -0.000326377
0  0 -0.00027646
0  0 -0.000287979
0  0 -0.00027297
0  0 -0.000645074
0  0 -0.000262672
0  0 -0.000344877
0  0 -0.000312763
0  0 -0.000308574
0  0 -0.00025412
0  0 -0.000713316
0  0 -0.000177151
0  0 -0.000326377
0  0 -0.000319221
0  0 -0.000610516
0  0 -0.000232129
0  0 -0.000344179
0  0 -0.000231431
0  0 -0.000183958
0  0 -0.000323759
0  0 -0.000578577
0  0 -0.000426209
0  0 -0.00028222
0  0 -0.000193732
0  0 -0.00030264
0  0 -0.000622035
0  0 -0.000270701
0  0 -0.000280998
0  0 -0.000296008
0  0 -0.000350113
0  0 -0.000817861
0  0 -0.000368614
0  0 -0.00045204
0  0 -0.000329867
0  0 -0.000942478
0  0 -0.000224624
0  0 -0.000334056
0  0 -0.000314508
0  0 -0.000328296
0  0 -0.000608073
0  0 -0.000213105
0  0 -0.000253422
0  0 -0.000308574
0  0 -0.000183958
0  0 -0.000529882
0  0 -0.000261101
0  0 -0.00020176
0  0 -0.000290423
0  0 -0.000207345
0  0 -0.000561298
0  0 -0.00027646
0  0 -0.000207694
0  0 -0.00027646
0  0 -0.000253422
0  0 -0.000701622
0  0 -0.00027297
0  0 -0.000314508
0  0 -0.000279253
0  0 -0.000338245
0  0 -0.000598997
0  0 -0.000498466
0  0 -0.000657989
0  0 -0.000329867
0  0 -0.000714712
0  0 -0.000323759
0  0 -0.000284838
0  0 -0.000219911
0  0 -0.000872315
0  0 -0.000284838
0  0 -0.000334056
0  0 -0.000361981
0  0 -0.000495324
0  0 -0.000368614
0  0 -0.000339292
0  0 -0.000362505
0  0 -0.000645074
0  0 -0.000183958
0  0 -0.000587478
0  0 -0.000261101
0  0 -0.000238237
0  0 -0.000351335
0  0 -0.000240157
0  0 -0.000714189
0  0 -0.00031765
0  0 -0.000348193
0  0 -0.000278904
0  0 -0.000267035
0  0 -0.000701622
0  0 -0.000368614
0  0 -0.00022602
0  0 -0.00027297
0  0 -0.000778766
0  0 -0.000264766
0  0 -0.000391652
0  0 -0.000314508
0  0 -0.000287107
0  0 -0.00031573
0  0 -0.00072501
0  0 -0.000427606
0  0 -0.000345575
0  0 -0.000249233
0  0 -0.000288328
0  0 -0.000502829
0  0 -0.000622035
0  0 -0.000232478
0  0 -0.000305433
0  0 -0.00013823
0  0 -0.00047281
0  0 -0.000282743
0  0 -0.000200189
0  0 -0.000456927
0  0 -0.00069115
0  0 -0.000264941
0  0 -0.000406836
0  0 -0.000366519
0  0 -0.000366519
0  0 -0.000589921
0  0 -0.000462861
0  0 -0.000206647
0  0 -0.000316777
0  0 -0.000760091
0  0 -0.000287979
0  0 -0.000264941
0  0 -0.000391652
0  0 -0.000293739
0  0 -0.000654848
0  0 -0.000218864
0  0 -0.000443488
0  0 -0.000267035
0  0 -0.000328296
0  0 -0.000701622
0  0 -0.000311018
0  0 -0.000253422
0  0 -0.000344179
0  0 -0.000293739
0  0 -0.000701622
0  0 -0.000224624
0  0 -0.000241903
0  0 -0.00040352
0  0 -0.000339816
0  0 -0.000596379
0  0 -0.000305258
0  0 -0.000356047
0  0 -0.000270701
0  0 -0.000376991
0  0 -0.000558505
0  0 -0.000256563
0  0 -0.000256912
0  0 -0.000385892
0  0 -0.000380133
0  0 -0.000865334
0  0 -0.000305258
0  0 -0.000184307
0  0 -0.000584685
0  0 -0.000584685
0  0 -0.000293739
0  0 -0.000314508
0  0 -0.000287979
0  0 -0.00028222
0  0 -0.000654848
0  0 -0.000213105
0  0 -0.000213105
0  0 -0.000361981
0  0 -0.000311018
0  0 -0.000619766
0  0 -0.000357094
0  0 -0.000293739
0  0 -0.000219562
0  0 -0.000213105
0  0 -0.000701622
0  0 -0.000241903
0  0 -0.000314508
0  0 -0.00028222
0  0 -0.000305258
0  0 -0.000666541
0  0 -0.000322537
0  0 -0.000701622
0  0 -0.000345575
0  0 -0.000397586
0  0 -0.000345575
0  0 -0.000259181
0  0 -0.000320442
0  0 -0.000328296
0  0 -0.000977384
0  0 -0.000230383
0  0 -0.000249233
0  0 -0.000305258
0  0 -0.000818559
0  0 -0.000320442
0  0 -0.00041469
0  0 -0.000345575
0  0 -0.000678235
0  0 -0.000224624
0  0 -0.000259181
0  0 -0.00037385
0  0 -0.000345575
0  0 -0.000334056
0  0 -0.000654848
0  0 -0.000213105
0  0 -0.00030264
0  0 -0.000311018
0  0 -0.000287979
0  0 -0.000514523
0  0 -0.000287979
0  0 -0.000502829
0  0 -0.000207345
0  0 -0.000467748
0  0 -0.000270701
0  0 -0.000314508
0  0 -0.00125664
0  0 -0.000167028
0  0 -0.000259181
0  0 -0.000290772
0  0 -0.000368614
0  0 -0.000925025
0  0 -0.000299498
0  0 -0.00037385
0  0 -0.000264941
0  0 -0.000314508
0  0 -0.000783304
0  0 -0.000374373
0  0 -0.000397586
0  0 -0.000820305
0  0 -0.000293739
0  0 -0.000218864
0  0 -0.00030264
0  0 -0.000362854
0  0 -0.000184307
0  0 -0.000912109
0  0 -0.000264941
0  0 -0.000284838
0  0 -0.00027646
0  0 -0.000224624
0  0 -0.00063146
0  0 -0.000264941
0  0 -0.000320442
0  0 -0.000785398
0  0 -0.000338245
0  0 -0.000439125
0  0 -0.000307178
0  0 -0.000368614
0  0 -0.000643154
0  0 -0.000351335
0  0 -0.000357094
0  0 -0.000314508
0  0 -0.000351335
0  0 -0.000230383
0  0 -0.000596379
0  0 -0.000201586
0  0 -0.000462861
0  0 -0.00028222
0  0 -0.000241903
0  0 -0.000572992
0  0 -0.000224624
0  0 -0.000160221
0  0 -0.000264941
0  0 -0.000213105
0  0 -0.000549604
0  0 -0.000561298
0  0 -0.00027646
0  0 -0.000345575
0  0 -0.000456055
0  0 -0.000253422
0  0 -0.000338245
0  0 -0.000195826
0  0 -0.000643154
0  0 -0.000316777
0  0 -0.000184307
0  0 -0.000320442
0  0 -0.000328296
0  0 -0.000572992
0  0 -0.00056444
0  0 -0.000361981
0  0 -0.000264941
0  0 -0.000218864
0  0 -0.000608073
0  0 -0.000322537
0  0 -0.000249233
0  0 -0.000264941
0  0 -0.000654848
0  0 -0.000149749
0  0 -0.000818559
0  0 -0.000351335
0  0 -0.000502829
0  0 -0.000335976
0  0 -0.000521853
0  0 -0.000166155
0  0 -0.000322537
0  0 -0.000598997
0  0 -0.000308574
0  0 -0.000155509
0  0 -0.00042045
0  0 -0.000255167
0  0 -0.00069115
0  0 -0.000351335
0  0 -0.000207694
0  0 -0.000403171
0  0 -0.000287979
0  0 -0.000654848
0  0 -0.000287979
0  0 -0.000361981
0  0 -0.00028222
0  0 -0.000322537
0  0 -0.000444361
0  0 -0.000305258
0  0 -0.000267035
0  0 -0.000280998
0  0 -0.000342085
0  0 -0.000340863
0  0 -0.000334056
0  0 -0.000367915
0  0 -0.000345575
0  0 -0.000213105
0  0 -0.00031573
0  0 -0.000287979
0  0 -0.000356047
0  0 -0.000201586
0  0 -0.000855211
0  0 -0.000293739
0  0 -0.000225497
0  0 -0.000437729
0  0 -0.000526217
0  0 -0.000351335
0  0 -0.000247662
0  0 -0.00030264
0  0 -0.000403171
0  0 -0.000274889
0  0 -0.000256563
0  0 -0.000385892
0  0 -0.000286758
0  0 -0.000668112
0  0 -0.000314508
0  0 -0.000361981
0  0 -0.000270701
0  0 -0.000345575
0  0 -0.000506844
0  0 -0.000385718
0  0 -0.000345575
0  0 -0.000316777
0  0 -0.000361981
0  0 -0.000587478
0  0 -0.000219562
0  0 -0.000241903
0  0 -0.000328296
0  0 -0.000977384
0  0 -0.000189892
0  0 -0.000161268
0  0 -0.000190066
0  0 -0.000249233
0  0 -0.000529882
0  0 -0.000356047
0  0 -0.000293739
0  0 -0.000328296
0  0 -0.000456055
0  0 -0.000385892
0  0 -0.000213105
0  0 -0.000178547
0  0 -0.000287107
0  0 -0.000498466
0  0 -0.000536165
0  0 -0.000253422
0  0 -0.000180816
0  0 -0.000581544
0  0 -0.000217643
0  0 -0.000264941
0  0 -0.000264941
0  0 -0.000320442
0  0 -0.000610516
0  0 -0.000287107
0  0 -0.000287107
0  0 -0.000446804
0  0 -0.000426209
0  0 -0.000344179
0  0 -0.000299498
0  0 -0.000241903
0  0 -0.000231431
0  0 -0.00055292
0  0 -0.00022602
0  0 -0.000250455
0  0 -0.00032498
0  0 -0.000335976
0  0 -0.000180118
0  0 -0.000584685
0  0 -0.000449248
0  0 -0.000356047
0  0 -0.000587478
0  0 -0.000409454
0  0 -0.000322537
0  0 -0.000368614
0  0 -0.000361981
0  0 -0.000483805
0  0 -0.000361981
0  0 -0.000311018
0  0 -0.000247662
0  0 -0.000261101
0  0 -0.000495324
0  0 -0.000261101
0  0 -0.000213105
0  0 -0.000311018
0  0 -0.000314508
0  0 -0.000495324
0  0 -0.000332311
0  0 -0.000345575
0  0 -0.000207345
0  0 -0.000296706
0  0 -0.000656593
0  0 -0.000356047
0  0 -0.00027646
0  0 -0.00028222
0  0 -0.000514523
0  0 -0.00041469
0  0 -0.000314508
0  0 -0.000161268
0  0 -0.000230383
0  0 -0.000342259
0  0 -0.000305433
0  0 -0.000342085
0  0 -0.000244346
0  0 -0.000253073
0  0 -0.00040928
0  0 -0.000195826
0  0 -0.000357094
0  0 -0.000356047
0  0 -0.000633555
0  0 -0.000195826
0  0 -0.00027646
0  0 -0.00027646
0  0 -0.000308574
0  0 -0.000748746
0  0 -0.000195826
0  0 -0.000357094
0  0 -0.000149749
0  0 -0.00042045
0  0 -0.000314508
0  0 -0.000164934
0  0 -0.000259181
0  0 -0.000316777
0  0 -0.000619766
0  0 -0.000334056
0  0 -0.000308574
0  0 -0.000241903
0  0 -0.000299498
0  0 -0.0243473
0  0 -0.0017202
0  0 -0.00583289
0  0 -0.00176278
0  0 -0.00132837
0  0 -0.000832173
0  0 -0.000933751
0  0 -0.000503178
0  0 -0.000516792
0  0 -0.000460767
0  0 -0.000306305
0  0 -0.000368614
0  0 -0.000319221
0  0 -0.000174533
0  0 -0.000643154
0  0 -0.00027646
0  0 -0.000362854
0  0 -0.000379784
0  0 -0.000338245
0  0 -0.000287979
0  0 -0.00037385
0  0 -0.00022602
0  0 -0.000330042
0  0 -0.000345575
0  0 -0.00053791
0  0 -0.000408407
0  0 -0.000241903
0  0 -0.000238063
0  0 -0.000299498
0  0 -0.000760091
0  0 -0.000322537
0  0 -0.000326377
0  0 -0.0011404
0  0 -0.000267035
0  0 -0.000334056
0  0 -0.000596379
0  0 -0.000299324
0  0 -0.000748746
0  0 -0.000247662
0  0 -0.000572992
0  0 -0.000483805
