0  0 -0.000120951
0  0 -0.000201586
0  0 -0.000284838
0  0 -0.000316777
0  0 -0.000322537
0  0 -0.00027297
0  0 -0.000633555
0  0 -0.000338245
0  0 -0.00027646
0  0 -0.000253422
0  0 -0.000284838
0  0 -0.000483805
0  0 -0.000308574
0  0 -0.000737227
0  0 -0.00037385
0  0 -0.000748746
0  0 -0.000243299
0  0 -0.000183958
0  0 -0.000217817
0  0 -0.000290772
0  0 -0.000506844
0  0 -0.000332311
0  0 -0.000345575
0  0 -0.00028222
0  0 -0.000225497
0  0 -0.000890118
0  0 -0.000426209
0  0 -0.000264941
0  0 -0.000243299
0  0 -0.00056444
0  0 -0.000338245
0  0 -0.00027646
0  0 -0.000293739
0  0 -0.000356047
0  0 -0.000437729
0  0 -0.00027297
0  0 -0.000316777
0  0 -0.000345575
0  0 -0.000290772
0  0 -0.000610516
0  0 -0.00037385
0  0 -0.000264941
0  0 -0.00041469
0  0 -0.000333009
0  0 -0.000647866
0  0 -0.000293215
0  0 -0.000396539
0  0 -0.000368614
0  0 -0.000308574
0  0 -0.000437729
0  0 -0.000290772
0  0 -0.000270701
0  0 -0.000345575
0  0 -0.00027297
0  0 -0.000645074
0  0 -0.000332311
0  0 -0.000253422
0  0 -0.000311018
0  0 -0.00037385
0  0 -0.000610516
0  0 -0.000296706
0  0 -0.000322537
0  0 -0.000247662
0  0 -0.000255167
0  0 -0.000714189
0  0 -0.00030264
0  0 -0.000293739
0  0 -0.000241903
0  0 -0.000374199
0  0 -0.000207345
0  0 -0.000514523
0  0 -0.000380133
0  0 -0.000311541
0  0 -0.000510509
0  0 -0.000278904
0  0 -0.000362854
0  0 -0.000334056
0  0 -0.000243299
0  0 -0.000541401
0  0 -0.000284838
0  0 -0.000351335
0  0 -0.000334056
0  0 -0.000284838
0  0 -0.00069115
0  0 -0.000326377
0  0 -0.000575959
0  0 -0.000225497
0  0 -0.000737227
0  0 -0.000361981
0  0 -0.00027297
0  0 -0.000256912
0  0 -0.000261101
0  0 -0.00055292
0  0 -0.000219562
0  0 -0.000247662
0  0 -0.000287979
0  0 -0.000219562
0  0 -0.000587478
0  0 -0.000308574
0  0 -0.000236143
0  0 -0.000264941
0  0 -0.00020176
0  0 -0.000802851
0  0 -0.00069115
0  0 -0.000280998
0  0 -0.000251327
0  0 -0.000584685
0  0 -0.000385718
0  0 -0.000332311
0  0 -0.000234572
0  0 -0.000345575
0  0 -0.000491136
0  0 -0.00070267
0  0 -0.000427257
0  0 -0.000247662
0  0 -0.000491136
0  0 -0.000264941
0  0 -0.000526217
0  0 -0.000236143
0  0 -0.00072501
0  0 -0.000328296
0  0 -0.00028222
0  0 -0.000356047
0  0 -0.000339816
0  0 -0.000357094
0  0 -0.00053791
0  0 -0.000444361
0  0 -0.000264941
0  0 -0.000253422
0  0 -0.00053791
0  0 -0.000299498
0  0 -0.000274889
0  0 -0.000403171
0  0 -0.000261799
0  0 -0.000602139
0  0 -0.00056444
0  0 -0.000361981
0  0 -0.000357094
0  0 -0.000262498
0  0 -0.000518363
0  0 -0.000584685
0  0 -0.000259181
0  0 -0.000397062
0  0 -0.000578577
0  0 -0.000284838
0  0 -0.000322537
0  0 -0.000357094
0  0 -0.000391652
0  0 -0.00056444
0  0 -0.000385718
0  0 -0.000345575
0  0 -0.000241903
0  0 -0.000767945
0  0 -0.000308574
0  0 -0.000184307
0  0 -0.000293739
0  0 -0.000195826
0  0 -0.000460767
0  0 -0.000385718
0  0 -0.000362854
0  0 -0.000328296
0  0 -0.00027297
0  0 -0.000760265
0  0 -0.000421323
0  0 -0.000332311
0  0 -0.000268083
0  0 -0.000335976
0  0 -0.000270701
0  0 -0.000449248
0  0 -0.000760265
0  0 -0.000326377
0  0 -0.00027646
0  0 -0.000608073
0  0 -0.000370708
0  0 -0.000195826
0  0 -0.000219911
0  0 -0.000374373
0  0 -0.000654848
0  0 -0.000311018
0  0 -0.000362854
0  0 -0.000267035
0  0 -0.000354302
0  0 -0.000669334
0  0 -0.000301593
0  0 -0.000355175
0  0 -0.000169646
0  0 -0.000374373
0  0 -0.00072501
0  0 -0.000241903
0  0 -0.000316777
0  0 -0.00037385
0  0 -0.000293739
0  0 -0.000643154
0  0 -0.000316777
0  0 -0.000287979
0  0 -0.000225497
0  0 -0.000794823
0  0 -0.000385718
0  0 -0.000385892
0  0 -0.000549604
0  0 -0.000368614
0  0 -0.000290772
0  0 -0.00027646
0  0 -0.000345575
0  0 -0.000344179
0  0 -0.00056444
0  0 -0.000350113
0  0 -0.000311018
0  0 -0.000161268
0  0 -0.000255167
0  0 -0.00069115
0  0 -0.00030264
0  0 -0.000391652
0  0 -0.000322537
0  0 -0.000213803
0  0 -0.000256563
0  0 -0.000625526
0  0 -0.000241903
0  0 -0.000241903
0  0 -0.00030997
0  0 -0.000311018
0  0 -0.000625526
0  0 -0.000320442
0  0 -0.000771785
0  0 -0.00069115
0  0 -0.000280998
0  0 -0.000306305
0  0 -0.000408407
0  0 -0.000278555
0  0 -0.000313112
0  0 -0.000452389
0  0 -0.000605978
0  0 -0.000268781
0  0 -0.000278555
0  0 -0.000649437
0  0 -0.000351335
0  0 -0.000619766
0  0 -0.000247662
0  0 -0.000608073
0  0 -0.000305258
0  0 -0.000241903
0  0 -0.000320442
0  0 -0.000385892
0  0 -0.000654848
0  0 -0.000364425
0  0 -0.00027297
0  0 -0.000256563
0  0 -0.00028222
0  0 -0.000596379
0  0 -0.000326377
0  0 -0.000223402
0  0 -0.000314508
0  0 -0.000333009
0  0 -0.000435634
0  0 -0.000190066
0  0 -0.000293739
0  0 -0.000311541
0  0 -0.00030264
0  0 -0.000601266
0  0 -0.000213628
0  0 -0.000268083
0  0 -0.000280998
0  0 -0.000305433
0  0 -0.000558505
0  0 -0.000389557
0  0 -0.000469145
0  0 -0.00022602
0  0 -0.000805469
0  0 -0.000280998
0  0 -0.000680678
0  0 -0.000439823
0  0 -0.000848928
0  0 -0.000299498
0  0 -0.000247662
0  0 -0.000290772
0  0 -0.000299498
0  0 -0.000802851
0  0 -0.000293739
0  0 -0.000338245
0  0 -0.000322537
0  0 -0.000184307
0  0 -0.000619766
0  0 -0.000167028
0  0 -0.000284838
0  0 -0.000262672
0  0 -0.000358142
0  0 -0.000454484
0  0 -0.000351335
0  0 -0.000314508
0  0 -0.000361981
0  0 -0.000340688
0  0 -0.000760091
0  0 -0.000345575
0  0 -0.000415388
0  0 -0.000332311
0  0 -0.000340688
0  0 -0.000561298
0  0 -0.000270701
0  0 -0.000255167
0  0 -0.000264941
0  0 -0.000455007
0  0 -0.000245568
0  0 -0.000287979
0  0 -0.000350113
0  0 -0.000142419
0  0 -0.000145211
0  0 -0.000391652
0  0 -0.000279253
0  0 -0.000314508
0  0 -0.000698132
0  0 -0.000379784
0  0 -0.000251327
0  0 -0.000267035
0  0 -0.000236143
0  0 -0.000666541
0  0 -0.000253422
0  0 -0.000293739
0  0 -0.00030264
0  0 -0.000645074
0  0 -0.000243299
0  0 -0.000541401
0  0 -0.000795172
0  0 -0.000444361
0  0 -0.000218864
0  0 -0.000253422
0  0 -0.000502829
0  0 -0.00101229
0  0 -0.000213105
0  0 -0.000296706
0  0 -0.000391652
0  0 -0.000584685
0  0 -0.000311018
0  0 -0.000584685
0  0 -0.000161268
0  0 -0.000596379
0  0 -0.000241903
0  0 -0.000362854
0  0 -0.000189892
0  0 -0.000380133
0  0 -0.00053791
0  0 -0.00027646
0  0 -0.000397411
0  0 -0.000243299
0  0 -0.000598997
0  0 -0.000314508
0  0 -0.000270701
0  0 -0.000374373
0  0 -0.000261101
0  0 -0.000633555
0  0 -0.000344179
0  0 -0.000259181
0  0 -0.000311018
0  0 -0.000249233
0  0 -0.000483805
0  0 -0.000293215
0  0 -0.000201062
0  0 -0.000262498
0  0 -0.000324631
0  0 -0.000875457
0  0 -0.00030264
0  0 -0.000182212
0  0 -0.000160221
0  0 -0.000256563
0  0 -0.00070267
0  0 -0.000514523
0  0 -0.000241903
0  0 -0.000320442
0  0 -0.000587478
0  0 -0.000367915
0  0 -0.000255167
0  0 -0.000273668
0  0 -0.000872665
0  0 -0.000249233
0  0 -0.000259181
0  0 -0.000293739
0  0 -0.000226195
0  0 -0.000703717
0  0 -0.000344179
0  0 -0.000241903
0  0 -0.000311018
0  0 -0.000290772
0  0 -0.000714189
0  0 -0.000332311
0  0 -0.000380133
0  0 -0.000345575
0  0 -0.00037385
0  0 -0.000610516
0  0 -0.000326377
0  0 -0.000267035
0  0 -0.000262498
0  0 -0.000326377
0  0 -0.000587478
0  0 -0.000372628
0  0 -0.000333009
0  0 -0.000166155
0  0 -0.000177151
0  0 -0.000403171
0  0 -0.000225497
0  0 -0.000351335
0  0 -0.000299498
0  0 -0.000290772
0  0 -0.000529882
0  0 -0.000338245
0  0 -0.000218864
0  0 -0.000161268
0  0 -0.000172089
0  0 -0.000587478
0  0 -0.000249233
0  0 -0.000293739
0  0 -0.000977384
0  0 -0.000161268
0  0 -0.000249233
0  0 -0.000293739
0  0 -0.000491136
0  0 -0.000270701
0  0 -0.000264941
0  0 -0.000314508
0  0 -0.000241903
0  0 -0.000456055
0  0 -0.000305258
0  0 -0.000427606
0  0 -0.000379784
0  0 -0.000207694
0  0 -0.000258134
0  0 -0.000529882
0  0 -0.000243299
0  0 -0.000255167
0  0 -0.000213628
0  0 -0.000293215
0  0 -0.000610516
0  0 -0.000314508
0  0 -0.000219562
0  0 -0.000256912
0  0 -0.000608073
0  0 -0.000334056
0  0 -0.000338245
0  0 -0.000397411
0  0 -0.000293739
0  0 -0.000643154
0  0 -0.000328296
0  0 -0.000284838
0  0 -0.000305258
0  0 -0.000322537
0  0 -0.000479442
0  0 -0.000207345
0  0 -0.000314508
0  0 -0.000201586
0  0 -0.000345575
0  0 -0.000514523
0  0 -0.00027646
0  0 -0.00027297
0  0 -0.000356047
0  0 -0.000223402
0  0 -0.000526217
0  0 -0.000299498
0  0 -0.000296706
0  0 -0.000264941
0  0 -0.000357094
0  0 -0.000444361
0  0 -0.000368614
0  0 -0.000421323
0  0 -0.000161268
0  0 -0.000184307
0  0 -0.00040928
0  0 -0.000339816
0  0 -0.0010472
0  0 -0.000195826
0  0 -0.000356047
0  0 -0.000195477
0  0 -0.000802851
0  0 -0.000385718
0  0 -0.000391652
0  0 -0.00028222
0  0 -0.000243299
0  0 -0.000610516
0  0 -0.00027297
0  0 -0.000403171
0  0 -0.000270701
0  0 -0.000320442
0  0 -0.00055292
0  0 -0.000148353
0  0 -0.000270701
0  0 -0.000224624
0  0 -0.000379784
0  0 -0.000633555
0  0 -0.000332311
0  0 -0.000305258
0  0 -0.000374373
0  0 -0.000290772
0  0 -0.000622035
0  0 -0.000238761
0  0 -0.000334056
0  0 -0.000245742
0  0 -0.000863414
0  0 -0.00027297
0  0 -0.000374373
0  0 -0.000259181
0  0 -0.000701622
0  0 -0.000584685
0  0 -0.000247662
0  0 -0.000299498
0  0 -0.000213628
0  0 -0.000426209
0  0 -0.000356047
0  0 -0.000311018
0  0 -0.000264941
0  0 -0.00101229
0  0 -0.000320442
0  0 -0.000219911
0  0 -0.000290772
0  0 -0.000227242
0  0 -0.000648041
0  0 -0.000264766
0  0 -0.000164061
0  0 -0.000431096
0  0 -0.000313112
0  0 -0.000483805
0  0 -0.000296706
0  0 -0.00030264
0  0 -0.00070267
0  0 -0.000977384
0  0 -0.000178547
0  0 -0.000213105
0  0 -0.000290772
0  0 -0.000207345
0  0 -0.000643154
0  0 -0.000357094
0  0 -0.000818559
0  0 -0.000316777
0  0 -0.000549604
0  0 -0.000368614
0  0 -0.000339816
0  0 -0.000420973
0  0 -0.000420973
0  0 -0.00028222
0  0 -0.000403171
0  0 -0.000255167
0  0 -0.000322537
0  0 -0.00063146
0  0 -0.000374373
0  0 -0.000311018
0  0 -0.00027297
0  0 -0.000305258
0  0 -0.000619766
0  0 -0.000249233
0  0 -0.000312763
0  0 -0.000374548
0  0 -0.000461814
0  0 -0.000201062
0  0 -0.000282743
0  0 -0.000161443
0  0 -0.000374548
0  0 -0.000339816
0  0 -0.000456927
0  0 -0.000287979
0  0 -0.000561298
0  0 -0.000218864
0  0 -0.000236143
0  0 -0.000296706
0  0 -0.000374373
0  0 -0.000771785
0  0 -0.000236143
0  0 -0.000224624
0  0 -0.000356047
0  0 -0.000293739
0  0 -0.000736704
0  0 -0.000293739
0  0 -0.000253422
0  0 -0.000385718
0  0 -0.000241903
0  0 -0.000444361
0  0 -0.000320442
0  0 -0.000225147
0  0 -0.000320442
0  0 -0.000322537
0  0 -0.00100915
0  0 -0.000351335
0  0 -0.00030264
0  0 -0.000249233
0  0 -0.000323933
0  0 -0.000296706
0  0 -0.000633555
0  0 -0.000225497
0  0 -0.000161268
0  0 -0.000316777
0  0 -0.00037385
0  0 -0.000910015
0  0 -0.000462861
0  0 -0.000287979
0  0 -0.000264941
0  0 -0.000189368
0  0 -0.000737402
0  0 -0.000237365
0  0 -0.000270701
0  0 -0.000397411
0  0 -0.000643154
0  0 -0.000264941
0  0 -0.000245044
0  0 -0.000390954
0  0 -0.000648739
0  0 -0.000251327
0  0 -0.000364774
0  0 -0.00030997
0  0 -0.000241903
0  0 -0.000748397
0  0 -0.000348193
0  0 -0.000135263
0  0 -0.000384845
0  0 -0.000419752
0  0 -0.000361981
0  0 -0.000345575
0  0 -0.000264941
0  0 -0.000385718
0  0 -0.000483805
0  0 -0.000261101
0  0 -0.000299498
0  0 -0.000374373
0  0 -0.000332311
0  0 -0.000218864
0  0 -0.000316777
0  0 -0.000771785
0  0 -0.000526217
0  0 -0.000345575
0  0 -0.000334056
0  0 -0.00030264
0  0 -0.00028222
0  0 -0.000771785
0  0 -0.000316777
0  0 -0.000247662
0  0 -0.000290772
