 0 0
 0 0
 1.24651e-11 -1.73064e-11
 3.00078e-11 7.79114e-12
 4.07703e-11 1.17377e-11
 8.15603e-12 -2.47763e-11
 -2.93088e-12 -3.82587e-11
 -3.03796e-11 -5.75547e-11
 -2.04745e-11 -7.22503e-11
 -5.85768e-11 -1.18467e-10
 -3.15657e-11 -1.25479e-10
 -7.84986e-12 -1.12325e-10
 1.89737e-11 -6.86903e-11
 2.49732e-11 -5.39965e-11
 1.9602e-11 -7.41959e-11
 3.2985e-12 -8.03228e-11
 2.36057e-11 -8.89889e-11
 3.3339e-11 -9.22379e-11
 3.15211e-11 -1.04588e-10
 2.66971e-11 -9.79029e-11
 3.09746e-11 -1.01296e-10
 4.40012e-11 -1.15845e-10
 7.53017e-11 -1.34573e-10
 6.94338e-11 -1.32062e-10
 7.16786e-11 -1.46415e-10
 7.02127e-11 -1.5993e-10
 5.72064e-11 -1.42436e-10
 1.23007e-10 -1.63059e-10
 1.25705e-10 -1.72534e-10
 1.07492e-10 -1.3914e-10
 9.44483e-11 -7.08278e-11
 1.01196e-10 -8.0448e-11
 7.62296e-11 -4.49749e-11
 7.64962e-11 -4.48392e-11
 7.57851e-11 4.2693e-11
 6.74864e-11 7.91858e-11
 5.09375e-11 2.83157e-11
 4.72747e-11 3.15829e-11
 5.46305e-11 3.65465e-11
 4.4086e-11 5.40291e-11
 2.5071e-11 9.99297e-11
 4.94241e-11 7.93449e-11
 8.23608e-11 8.90118e-11
 6.6234e-11 1.61402e-10
 8.32907e-11 2.25418e-10
 6.39804e-11 2.26068e-10
 5.34068e-11 2.89902e-10
 3.83161e-11 2.96275e-10
 2.73828e-11 3.50702e-10
 6.564e-12 3.6592e-10
 1.16581e-11 4.30297e-10
 -1.73057e-11 3.73289e-10
 -8.24841e-12 4.19289e-10
 2.45579e-11 4.79748e-10
 -6.47088e-11 6.17918e-10
 8.3392e-12 6.97077e-10
 -1.17095e-11 7.14237e-10
 -7.36861e-12 8.55836e-10
 4.20356e-12 8.91702e-10
 8.95136e-11 9.51474e-10
 1.27395e-10 1.04992e-09
 1.38637e-10 1.11538e-09
 1.28435e-10 1.19927e-09
 1.20278e-10 1.21541e-09
 1.11712e-10 1.13422e-09
 1.65914e-10 1.10992e-09
 1.47413e-10 1.11849e-09
 1.86141e-10 1.225e-09
 2.17524e-10 1.21328e-09
 3.08865e-10 1.33973e-09
 3.42985e-10 1.40211e-09
 3.54112e-10 1.3932e-09
 4.0451e-10 1.54502e-09
 4.14286e-10 1.63255e-09
 4.09902e-10 1.6528e-09
 4.27031e-10 1.69437e-09
 4.88459e-10 1.73672e-09
 5.48766e-10 1.66799e-09
 5.47361e-10 1.59705e-09
 5.21343e-10 1.56407e-09
 5.023e-10 1.53694e-09
 6.38972e-10 1.6483e-09
 6.47788e-10 1.63364e-09
 7.02628e-10 1.66828e-09
 6.05109e-10 1.71607e-09
 5.92579e-10 1.799e-09
 6.25506e-10 1.84483e-09
 6.30444e-10 1.87072e-09
 6.27925e-10 1.93396e-09
 7.79902e-10 2.09748e-09
 7.96798e-10 2.14245e-09
 7.56677e-10 2.17925e-09
 7.6665e-10 2.17898e-09
 7.7567e-10 2.15907e-09
 8.15558e-10 2.22639e-09
 8.29557e-10 2.2754e-09
 8.6589e-10 2.30912e-09
 9.1316e-10 2.35157e-09
 9.939e-10 2.42336e-09
 1.18141e-09 2.43733e-09
 1.41202e-09 2.47799e-09
 1.5858e-09 2.53568e-09
 1.85107e-09 2.53965e-09
 1.88263e-09 2.57229e-09
 2.11485e-09 2.58766e-09
 2.32935e-09 2.6349e-09
 2.50346e-09 2.62312e-09
 2.6825e-09 2.60403e-09
 2.8097e-09 2.63999e-09
 2.85817e-09 2.62547e-09
 3.05769e-09 2.64099e-09
 3.33687e-09 2.69048e-09
 3.388e-09 2.73602e-09
 3.54982e-09 2.80755e-09
 3.63581e-09 2.78457e-09
 3.60457e-09 2.73005e-09
 3.60618e-09 2.7515e-09
 3.65113e-09 2.79163e-09
 3.67961e-09 2.83927e-09
 3.92473e-09 2.86693e-09
 3.96614e-09 2.91602e-09
 3.93349e-09 2.85686e-09
 4.20071e-09 2.97298e-09
 4.31948e-09 2.98587e-09
 4.28363e-09 3.00686e-09
 4.33979e-09 3.01787e-09
 4.40769e-09 3.04799e-09
 4.52398e-09 3.14863e-09
 4.6143e-09 3.21207e-09
 4.69168e-09 3.27535e-09
 4.80565e-09 3.3209e-09
 4.91834e-09 3.43877e-09
 4.9945e-09 3.45447e-09
 4.96688e-09 3.38962e-09
 4.82556e-09 3.33466e-09
 5.08481e-09 3.36781e-09
 5.11341e-09 3.38958e-09
 5.28083e-09 3.4843e-09
 5.40664e-09 3.50196e-09
 5.55227e-09 3.64008e-09
 5.54603e-09 3.6723e-09
 5.68898e-09 3.80328e-09
 5.71596e-09 3.81171e-09
 5.8096e-09 3.9444e-09
 5.8468e-09 4.04471e-09
 5.81812e-09 4.10276e-09
 5.79653e-09 4.03719e-09
 5.91044e-09 4.13656e-09
 6.00624e-09 4.15448e-09
 6.0234e-09 4.21512e-09
 6.06751e-09 4.4127e-09
 6.04413e-09 4.50278e-09
 6.01328e-09 4.5225e-09
 5.95441e-09 4.55622e-09
 6.01116e-09 4.60643e-09
 6.04199e-09 4.72144e-09
 6.09701e-09 4.78736e-09
 6.06883e-09 4.78777e-09
 6.11157e-09 4.80788e-09
 6.08303e-09 4.86049e-09
 6.04063e-09 4.94909e-09
 6.12943e-09 5.00302e-09
 6.22765e-09 5.02705e-09
 6.24225e-09 5.00536e-09
 6.21607e-09 4.93654e-09
 6.23088e-09 5.03883e-09
 6.1934e-09 5.21323e-09
 6.1034e-09 5.21778e-09
 6.19451e-09 5.37235e-09
 6.30213e-09 5.4412e-09
 6.30706e-09 5.47083e-09
 6.33612e-09 5.53223e-09
 6.31064e-09 5.56405e-09
 6.2573e-09 5.56118e-09
 6.40431e-09 5.72875e-09
 6.40306e-09 5.75955e-09
 6.38004e-09 5.80942e-09
 6.29683e-09 5.77557e-09
 6.38371e-09 5.80696e-09
 6.31658e-09 5.71079e-09
 6.39119e-09 5.7612e-09
 6.31033e-09 5.63329e-09
 6.37991e-09 5.67956e-09
 6.47251e-09 5.70423e-09
 6.4726e-09 5.69051e-09
 6.44729e-09 5.58476e-09
 6.41511e-09 5.52443e-09
 6.37523e-09 5.39435e-09
 6.34555e-09 5.3818e-09
 6.23234e-09 5.34444e-09
 6.30327e-09 5.34498e-09
 6.34261e-09 5.40117e-09
 6.22635e-09 5.30128e-09
 6.08716e-09 5.23862e-09
 6.06392e-09 5.25495e-09
 6.06073e-09 5.26835e-09
 6.03486e-09 5.16482e-09
 6.00601e-09 5.06585e-09
 6.07353e-09 5.06494e-09
 6.01535e-09 5.01655e-09
 6.19441e-09 5.05049e-09
 6.21305e-09 4.98205e-09
 6.24627e-09 4.87887e-09
 6.19596e-09 4.62254e-09
 6.18779e-09 4.55011e-09
 6.19199e-09 4.46078e-09
 6.15812e-09 4.4163e-09
 6.0809e-09 4.29993e-09
 6.05011e-09 4.31644e-09
 6.06966e-09 4.25761e-09
 6.11807e-09 4.25262e-09
 6.12074e-09 4.28445e-09
 6.08307e-09 4.29754e-09
 6.06434e-09 4.25665e-09
 6.12803e-09 4.21643e-09
 6.20316e-09 4.16336e-09
 6.23723e-09 4.21194e-09
 6.30872e-09 4.22953e-09
 6.15604e-09 3.99329e-09
 6.23557e-09 3.95722e-09
 6.24147e-09 3.94355e-09
 6.21588e-09 3.72377e-09
 6.12138e-09 3.53738e-09
 6.08877e-09 3.39558e-09
 6.10546e-09 3.35329e-09
 6.11844e-09 3.34049e-09
 5.85107e-09 2.96901e-09
 5.81894e-09 2.90817e-09
 5.72129e-09 2.64941e-09
 5.61314e-09 2.45781e-09
 5.6279e-09 2.45861e-09
 5.47658e-09 2.0326e-09
 5.37891e-09 1.79235e-09
 5.26063e-09 1.6127e-09
 5.31643e-09 1.48467e-09
 5.25079e-09 1.30312e-09
 5.10663e-09 1.03783e-09
 5.09221e-09 8.03311e-10
 5.01687e-09 5.70268e-10
 4.90025e-09 3.94451e-10
 4.78246e-09 1.89842e-10
 4.64109e-09 -1.12267e-10
 4.54053e-09 -3.593e-10
 4.59654e-09 -4.75574e-10
 4.48768e-09 -8.43948e-10
 4.416e-09 -1.06644e-09
 4.32199e-09 -1.37322e-09
 4.1064e-09 -1.71101e-09
 4.08929e-09 -1.97261e-09
 3.95051e-09 -2.25613e-09
 3.90475e-09 -2.50058e-09
 3.92861e-09 -2.74566e-09
 3.80557e-09 -2.97195e-09
 3.65381e-09 -3.21524e-09
 3.57245e-09 -3.34458e-09
 3.41646e-09 -3.63597e-09
 3.30328e-09 -3.90836e-09
 3.19475e-09 -4.13181e-09
 3.01757e-09 -4.35185e-09
 2.84556e-09 -4.63017e-09
 2.73386e-09 -4.777e-09
 2.62909e-09 -5.1048e-09
 2.57165e-09 -5.41483e-09
 2.49533e-09 -5.6542e-09
 2.36247e-09 -5.88792e-09
 2.27262e-09 -6.06875e-09
 2.23135e-09 -6.29206e-09
 2.17532e-09 -6.42849e-09
 2.08636e-09 -6.68766e-09
 1.96722e-09 -7.01112e-09
 1.94455e-09 -7.18183e-09
 1.84491e-09 -7.34344e-09
 1.67558e-09 -7.61166e-09
 1.57241e-09 -7.89377e-09
 1.45935e-09 -8.10205e-09
 1.3657e-09 -8.41794e-09
 1.13483e-09 -8.70196e-09
 1.03716e-09 -8.93133e-09
 9.95586e-10 -9.04726e-09
 9.16646e-10 -9.29745e-09
 7.4106e-10 -9.60361e-09
 5.10912e-10 -9.80884e-09
 2.93879e-10 -1.01282e-08
 2.34673e-10 -1.02954e-08
 2.03038e-10 -1.04072e-08
 1.05007e-10 -1.065e-08
 -8.57863e-11 -1.08364e-08
 -1.11508e-10 -1.09553e-08
 -1.77228e-10 -1.11764e-08
 -3.29599e-10 -1.13486e-08
 -2.9064e-10 -1.15612e-08
 -3.60518e-10 -1.17611e-08
 -4.68937e-10 -1.20895e-08
 -5.18518e-10 -1.2206e-08
 -6.04801e-10 -1.23924e-08
 -6.88521e-10 -1.24842e-08
 -7.21695e-10 -1.26485e-08
 -8.52378e-10 -1.28758e-08
 -7.77719e-10 -1.30185e-08
 -8.81394e-10 -1.31575e-08
 -1.00783e-09 -1.32839e-08
 -1.04847e-09 -1.34612e-08
 -1.16315e-09 -1.35257e-08
 -1.18575e-09 -1.36752e-08
 -1.37154e-09 -1.3758e-08
 -1.51842e-09 -1.39179e-08
 -1.4414e-09 -1.37776e-08
 -1.50539e-09 -1.38474e-08
 -1.5981e-09 -1.38322e-08
 -1.78625e-09 -1.40567e-08
 -1.90691e-09 -1.41545e-08
 -2.08066e-09 -1.4274e-08
 -2.1198e-09 -1.42855e-08
 -2.22844e-09 -1.43567e-08
 -2.27397e-09 -1.45018e-08
 -2.28448e-09 -1.4519e-08
 -2.42703e-09 -1.4659e-08
 -2.53845e-09 -1.47552e-08
 -2.5672e-09 -1.47582e-08
 -2.68122e-09 -1.4879e-08
 -2.71864e-09 -1.4888e-08
 -2.65041e-09 -1.48467e-08
 -2.65018e-09 -1.48521e-08
 -2.70787e-09 -1.48719e-08
 -2.742e-09 -1.48571e-08
 -2.86343e-09 -1.49265e-08
 -2.96489e-09 -1.49233e-08
 -2.92343e-09 -1.49054e-08
 -2.91612e-09 -1.49133e-08
 -2.95135e-09 -1.49568e-08
 -2.93273e-09 -1.49506e-08
 -2.94774e-09 -1.49237e-08
 -2.96496e-09 -1.49256e-08
 -2.89237e-09 -1.48927e-08
 -2.93123e-09 -1.49191e-08
 -2.96091e-09 -1.49383e-08
 -2.93978e-09 -1.49625e-08
 -3.03071e-09 -1.50082e-08
 -2.99788e-09 -1.49661e-08
 -3.11866e-09 -1.49681e-08
 -3.14547e-09 -1.51019e-08
 -3.20413e-09 -1.50979e-08
 -3.14995e-09 -1.49895e-08
 -3.16373e-09 -1.50584e-08
 -3.23676e-09 -1.49958e-08
 -3.1801e-09 -1.49014e-08
 -3.2057e-09 -1.48499e-08
 -3.09723e-09 -1.47245e-08
 -2.89704e-09 -1.45845e-08
 -2.9318e-09 -1.45078e-08
 -2.87358e-09 -1.45178e-08
 -2.94101e-09 -1.45486e-08
 -2.9212e-09 -1.45429e-08
 -2.85068e-09 -1.44177e-08
 -2.81041e-09 -1.43849e-08
 -2.73966e-09 -1.4308e-08
 -2.6081e-09 -1.42646e-08
 -2.41003e-09 -1.40643e-08
 -2.33536e-09 -1.39285e-08
 -2.31716e-09 -1.39346e-08
 -2.32879e-09 -1.38323e-08
 -2.33069e-09 -1.38075e-08
 -2.2994e-09 -1.36552e-08
 -2.30236e-09 -1.36277e-08
 -2.3057e-09 -1.35255e-08
 -2.42567e-09 -1.35081e-08
 -2.3858e-09 -1.34624e-08
 -2.40666e-09 -1.33657e-08
 -2.4343e-09 -1.3328e-08
 -2.45039e-09 -1.32632e-08
 -2.49538e-09 -1.33215e-08
 -2.43489e-09 -1.32531e-08
 -2.31258e-09 -1.30431e-08
 -2.04108e-09 -1.2906e-08
 -2.15339e-09 -1.28952e-08
 -2.15189e-09 -1.28857e-08
 -2.11449e-09 -1.27768e-08
 -1.89301e-09 -1.26123e-08
 -1.74551e-09 -1.2335e-08
 -1.53989e-09 -1.2064e-08
 -1.39388e-09 -1.18301e-08
 -1.26028e-09 -1.15316e-08
 -1.06557e-09 -1.12515e-08
 -1.00191e-09 -1.12538e-08
 -9.08616e-10 -1.10515e-08
 -8.18694e-10 -1.09491e-08
 -7.30433e-10 -1.07742e-08
 -7.18633e-10 -1.06665e-08
 -6.22381e-10 -1.05356e-08
 -4.68717e-10 -1.0343e-08
 -3.67517e-10 -1.01879e-08
 -2.96947e-10 -1.00368e-08
 -2.31483e-10 -9.94266e-09
 -3.22155e-11 -9.7442e-09
 4.12144e-11 -9.54238e-09
 3.45819e-10 -9.28554e-09
 4.86173e-10 -9.06329e-09
 5.169e-10 -8.99246e-09
 4.98146e-10 -8.95986e-09
 5.55425e-10 -8.81433e-09
 6.0988e-10 -8.73795e-09
 6.65539e-10 -8.58277e-09
 8.55011e-10 -8.25401e-09
 1.02535e-09 -8.06504e-09
 1.20587e-09 -7.95307e-09
 1.36076e-09 -7.76707e-09
 1.47087e-09 -7.69864e-09
 1.55344e-09 -7.57091e-09
 1.56726e-09 -7.46884e-09
 1.62908e-09 -7.37229e-09
 1.72993e-09 -7.15078e-09
 1.75134e-09 -7.12008e-09
 1.8144e-09 -7.11185e-09
 1.84085e-09 -7.04435e-09
 1.94227e-09 -6.94329e-09
 1.94418e-09 -6.90747e-09
 1.90985e-09 -6.79778e-09
 1.83999e-09 -6.84938e-09
 2.01795e-09 -6.65248e-09
 2.08869e-09 -6.59099e-09
 2.25468e-09 -6.4616e-09
 2.32548e-09 -6.32747e-09
 2.31651e-09 -6.37342e-09
 2.35061e-09 -6.33024e-09
 2.42739e-09 -6.16546e-09
 2.40238e-09 -6.22619e-09
 2.36441e-09 -6.24568e-09
 2.27217e-09 -6.26908e-09
 2.25843e-09 -6.33467e-09
 2.33869e-09 -6.36986e-09
 2.39856e-09 -6.38077e-09
 2.43309e-09 -6.37968e-09
 2.41617e-09 -6.41087e-09
 2.48497e-09 -6.3623e-09
 2.36656e-09 -6.39677e-09
 2.23271e-09 -6.43635e-09
 2.26407e-09 -6.505e-09
 2.35533e-09 -6.43919e-09
 2.45431e-09 -6.37505e-09
 2.58025e-09 -6.34523e-09
 2.59905e-09 -6.23884e-09
 2.64242e-09 -6.15544e-09
 2.63663e-09 -6.23705e-09
 2.68814e-09 -6.19824e-09
 2.63151e-09 -6.18636e-09
 2.57875e-09 -6.26883e-09
 2.56265e-09 -6.37499e-09
 2.6071e-09 -6.43126e-09
 2.59103e-09 -6.58228e-09
 2.72683e-09 -6.52563e-09
 2.74112e-09 -6.51217e-09
 2.80126e-09 -6.49447e-09
 2.80633e-09 -6.50125e-09
 2.891e-09 -6.41089e-09
 2.92029e-09 -6.38887e-09
 2.97607e-09 -6.41755e-09
 2.97985e-09 -6.43713e-09
 2.8841e-09 -6.51567e-09
 2.8458e-09 -6.5964e-09
 2.86768e-09 -6.73143e-09
 2.82116e-09 -6.85344e-09
 2.98811e-09 -6.82053e-09
 3.0179e-09 -6.8074e-09
 3.01285e-09 -6.94843e-09
 2.86192e-09 -7.1094e-09
 2.82383e-09 -7.14402e-09
 2.78944e-09 -7.17995e-09
 2.80649e-09 -7.14318e-09
 2.76026e-09 -7.26257e-09
 2.71396e-09 -7.41733e-09
 2.64772e-09 -7.56455e-09
 2.58626e-09 -7.68444e-09
 2.52071e-09 -7.77819e-09
 2.32718e-09 -7.94675e-09
 2.31891e-09 -8.09665e-09
 2.32375e-09 -8.24515e-09
 2.30053e-09 -8.37626e-09
 2.2786e-09 -8.44103e-09
 2.22937e-09 -8.57052e-09
 2.16592e-09 -8.69946e-09
 2.08176e-09 -8.87641e-09
 2.05001e-09 -9.03864e-09
 2.05049e-09 -9.097e-09
 1.95327e-09 -9.20729e-09
 1.9075e-09 -9.37962e-09
 1.91548e-09 -9.42374e-09
 1.95743e-09 -9.64223e-09
 1.87016e-09 -9.76321e-09
 1.78666e-09 -9.87141e-09
 1.69349e-09 -1.01472e-08
 1.5976e-09 -1.03625e-08
 1.60639e-09 -1.04929e-08
 1.50727e-09 -1.06257e-08
 1.48889e-09 -1.07875e-08
 1.51681e-09 -1.08497e-08
 1.36659e-09 -1.10744e-08
 1.30194e-09 -1.12934e-08
 1.25927e-09 -1.15171e-08
 1.15261e-09 -1.17054e-08
 1.013e-09 -1.18174e-08
 1.00622e-09 -1.20026e-08
 8.82951e-10 -1.21136e-08
 8.7159e-10 -1.22655e-08
 7.79901e-10 -1.24759e-08
 6.68144e-10 -1.26936e-08
 5.7112e-10 -1.28587e-08
 5.19948e-10 -1.30807e-08
 4.05606e-10 -1.32695e-08
 3.42038e-10 -1.34249e-08
 2.9197e-10 -1.3594e-08
 1.94323e-10 -1.36683e-08
 1.26246e-10 -1.3844e-08
 1.66469e-12 -1.404e-08
 -8.54254e-11 -1.42022e-08
 -1.59718e-10 -1.43577e-08
 -3.31086e-10 -1.45049e-08
 -4.85601e-10 -1.47208e-08
 -5.87464e-10 -1.49299e-08
 -6.51603e-10 -1.50961e-08
 -7.33511e-10 -1.52623e-08
 -8.94221e-10 -1.53605e-08
 -1.00564e-09 -1.54741e-08
 -1.09303e-09 -1.55243e-08
 -1.2605e-09 -1.56639e-08
 -1.26706e-09 -1.57779e-08
 -1.39878e-09 -1.5989e-08
 -1.51823e-09 -1.60926e-08
 -1.58326e-09 -1.60984e-08
 -1.62498e-09 -1.62065e-08
 -1.71619e-09 -1.63527e-08
 -1.73657e-09 -1.65077e-08
 -1.86532e-09 -1.65667e-08
 -1.80516e-09 -1.66616e-08
 -1.91215e-09 -1.67296e-08
 -2.05415e-09 -1.6935e-08
 -2.16896e-09 -1.70083e-08
 -2.23631e-09 -1.70526e-08
 -2.26377e-09 -1.71043e-08
 -2.37398e-09 -1.71937e-08
 -2.42012e-09 -1.72674e-08
 -2.47588e-09 -1.74433e-08
 -2.65395e-09 -1.77377e-08
 -2.75372e-09 -1.79059e-08
 -2.76195e-09 -1.8055e-08
 -2.94979e-09 -1.81412e-08
 -3.05422e-09 -1.82773e-08
 -3.16982e-09 -1.84124e-08
 -3.19707e-09 -1.85721e-08
 -3.33108e-09 -1.86905e-08
 -3.46749e-09 -1.88077e-08
 -3.4873e-09 -1.89012e-08
 -3.53633e-09 -1.89927e-08
 -3.59418e-09 -1.90181e-08
 -3.60603e-09 -1.90355e-08
 -3.63679e-09 -1.91951e-08
 -3.8278e-09 -1.93205e-08
 -3.7648e-09 -1.92818e-08
 -3.68455e-09 -1.93356e-08
 -3.83777e-09 -1.93637e-08
 -3.88736e-09 -1.94327e-08
 -3.96517e-09 -1.94046e-08
 -4.02762e-09 -1.94723e-08
 -3.99426e-09 -1.94706e-08
 -3.97682e-09 -1.9482e-08
 -3.9928e-09 -1.9549e-08
 -4.07161e-09 -1.95834e-08
 -4.06967e-09 -1.95934e-08
 -4.03843e-09 -1.95833e-08
 -4.04039e-09 -1.96103e-08
 -4.07444e-09 -1.95876e-08
 -4.0537e-09 -1.95712e-08
 -3.99135e-09 -1.95969e-08
 -3.95673e-09 -1.96453e-08
 -4.02631e-09 -1.96755e-08
 -4.05042e-09 -1.9675e-08
 -4.02864e-09 -1.96651e-08
 -4.06005e-09 -1.96742e-08
 -4.09399e-09 -1.95609e-08
 -4.19649e-09 -1.9573e-08
 -4.22919e-09 -1.95102e-08
 -4.2525e-09 -1.94755e-08
 -4.2973e-09 -1.94039e-08
 -4.32761e-09 -1.93731e-08
 -4.28361e-09 -1.9446e-08
 -4.10395e-09 -1.92858e-08
 -4.08756e-09 -1.92522e-08
 -3.94187e-09 -1.91086e-08
 -3.9356e-09 -1.90933e-08
 -3.92987e-09 -1.90388e-08
 -3.80924e-09 -1.89182e-08
