1437123164.785631431    1437123164.790848939
1437123164.805638255    1437123164.815735443
1437123164.845554751    1437123164.853458802
1437123164.885681504    1437123164.880591704
1437123164.905702274    1437123164.907502268
1437123164.925487004    1437123164.934209025
1437123164.964473397    1437123164.961951243
1437123164.984444379    1437123164.988391300
1437123165.004427691    1437123165.013315193
1437123165.044417651    1437123165.039812066
1437123165.064337328    1437123165.066521103
1437123165.084389137    1437123165.093213774
1437123165.125676874    1437123165.119352709
1437123165.143278156    1437123165.144955190
1437123165.163273246    1437123165.171232299
1437123165.203193110    1437123165.197787812
1437123165.223191518    1437123165.223395626
1437123165.243152689    1437123165.248376631
1437123165.283166104    1437123165.274608399
1437123165.303182718    1437123165.301083701
1437123165.323126355    1437123165.327200857
1437123165.362100625    1437123165.353643344
1437123165.382046854    1437123165.378633189
1437123165.402015080    1437123165.405120110
1437123165.422004647    1437123165.432147853
1437123165.462272047    1437123165.458619454
1437123165.481942522    1437123165.485876944
1437123165.501864114    1437123165.511812950
1437123165.540926078    1437123165.538025180
1437123165.560837623    1437123165.566501574
1437123165.600808042    1437123165.593588322
1437123165.621079267    1437123165.620037251
1437123165.640768336    1437123165.645973412
1437123165.660723662    1437123165.670706922
1437123165.699749532    1437123165.695352690
1437123165.719650905    1437123165.720215973
1437123165.739754725    1437123165.745116078
1437123165.759611591    1437123165.768931645
1437123165.799567756    1437123165.793679599
1437123165.819556360    1437123165.818172254
1437123165.839571052    1437123165.843217770
1437123165.859516573    1437123165.867675554
1437123165.898478693    1437123165.892856158
1437123165.918475836    1437123165.917803236
1437123165.938430106    1437123165.942118945
1437123165.958447516    1437123165.966214050
1437123165.998409307    1437123165.990678806
1437123166.018365617    1437123166.016436237
1437123166.037361273    1437123166.040842256
1437123166.057333694    1437123166.066456012
1437123166.097348232    1437123166.091388271
1437123166.117342763    1437123166.118066983
1437123166.137240273    1437123166.143138069
1437123166.177163330    1437123166.167768442
1437123166.197216664    1437123166.193237902
1437123166.217161324    1437123166.218078443
1437123166.236134049    1437123166.242855871
1437123166.277111907    1437123166.268255721
1437123166.296150901    1437123166.293531568
1437123166.316046807    1437123166.318216239
1437123166.337909064    1437123166.342980755
1437123166.376029470    1437123166.368153555
1437123166.395999272    1437123166.393346330
1437123166.414969111    1437123166.417755424
1437123166.434902661    1437123166.443002304
1437123166.454864814    1437123166.460659636
1437123166.494844359    1437123166.485927320
1437123166.514876537    1437123166.511977121
1437123166.534816796    1437123166.536802426
1437123166.554959383    1437123166.562250016
1437123166.593758318    1437123166.585917693
1437123166.613720477    1437123166.611506493
1437123166.633724793    1437123166.635610097
1437123166.653714368    1437123166.660746859
1437123166.694658679    1437123166.685954420
1437123166.713687607    1437123166.711194365
1437123166.733645438    1437123166.735675444
1437123166.753696766    1437123166.761132502
1437123166.792582418    1437123166.785750260
1437123166.812529946    1437123166.810154692
1437123166.832608117    1437123166.835345845
1437123166.852643273    1437123166.859790455
1437123166.893506042    1437123166.885346081
1437123166.932544023    1437123166.934945422
1437123166.952498292    1437123166.960069335
1437123166.991403493    1437123166.985240481
1437123167.011376311    1437123167.010658521
1437123167.031357897    1437123167.034716832
1437123167.051332411    1437123167.059165397
1437123167.091310718    1437123167.083919808
1437123167.111294362    1437123167.110121126
1437123167.131301414    1437123167.134520235
1437123167.151322760    1437123167.159249781
1437123167.190193258    1437123167.183796577
1437123167.210181871    1437123167.209418616
1437123167.230147123    1437123167.233860293
1437123167.250110287    1437123167.258732891
1437123167.290083499    1437123167.283761133
1437123167.310050241    1437123167.308004589
1437123167.329991764    1437123167.332839805
1437123167.349991445    1437123167.356941235
1437123167.388986553    1437123167.383013128
1437123167.408919504    1437123167.408097359
1437123167.429045689    1437123167.434004003
1437123167.448891746    1437123167.458458894
1437123167.488878781    1437123167.484875552
1437123167.509137938    1437123167.508757475
1437123167.529085495    1437123167.534852558
1437123167.567804769    1437123167.560379565
1437123167.587801128    1437123167.585826606
1437123167.607758400    1437123167.612080872
1437123167.627706632    1437123167.637960969
1437123167.667661833    1437123167.662561235
1437123167.687698725    1437123167.687115628
1437123167.706605521    1437123167.712143973
1437123167.727599554    1437123167.737406897
1437123167.766956227    1437123167.762433753
1437123167.786536187    1437123167.787156958
1437123167.806502474    1437123167.812575095
1437123167.846442470    1437123167.837865967
1437123167.866490134    1437123167.862696263
1437123167.885484572    1437123167.887090212
1437123167.905428358    1437123167.911747766
1437123167.925373504    1437123167.936245649
1437123167.965632118    1437123167.961869872
1437123167.985355813    1437123167.986261402
1437123168.005358290    1437123168.011732214
1437123168.045311220    1437123168.037251628
1437123168.064299903    1437123168.057405479
1437123168.084760342    1437123168.081163547
1437123168.104318507    1437123168.107411579
1437123168.124311640    1437123168.131435425
1437123168.164149797    1437123168.155570565
1437123168.184228162    1437123168.180488051
1437123168.204128805    1437123168.205575863
1437123168.224092318    1437123168.230837031
1437123168.263038207    1437123168.255631750
1437123168.283320083    1437123168.279735898
1437123168.303477324    1437123168.305687276
1437123168.323000304    1437123168.330089487
1437123168.362933831    1437123168.355094767
1437123168.383156657    1437123168.379419808
1437123168.403063171    1437123168.404690318
1437123168.422865468    1437123168.429457975
1437123168.461873030    1437123168.454318604
1437123168.481884603    1437123168.478155086
1437123168.501806224    1437123168.503701673
1437123168.521786458    1437123168.528387335
1437123168.561739697    1437123168.552848900
1437123168.581985952    1437123168.578082705
1437123168.601893025    1437123168.603826683
1437123168.621648616    1437123168.628278529
1437123168.660669137    1437123168.652753485
1437123168.681138356    1437123168.677406250
1437123168.700732624    1437123168.702225785
1437123168.720552183    1437123168.726868878
1437123168.760522690    1437123168.751254509
1437123168.780611980    1437123168.776648522
1437123168.800542642    1437123168.801959047
1437123168.820435189    1437123168.826164408
1437123168.859436591    1437123168.850665557
1437123168.899370104    1437123168.900556936
1437123168.939355711    1437123168.950709094
1437123168.979793024    1437123168.975858883
1437123169.018236856    1437123169.026005117
1437123169.058233720    1437123169.050550575
1437123169.098168952    1437123169.101039571
1437123169.138144356    1437123169.126755717
1437123169.178167707    1437123169.178365162
1437123169.217020172    1437123169.228226308
1437123169.257146380    1437123169.252745547
1437123169.296950706    1437123169.302524091
1437123169.336914002    1437123169.327535457
1437123169.375916192    1437123169.378271531
1437123169.415767024    1437123169.403148207
1437123169.475731438    1437123169.477665787
1437123169.515667623    1437123169.502510659
1437123169.535660301    1437123169.529240945
1437123169.554645102    1437123169.553684667
1437123169.574630267    1437123169.579673026
1437123169.614634219    1437123169.604668667
1437123169.654617048    1437123169.649217204
1437123169.694511651    1437123169.699286601
1437123169.733483194    1437123169.724016780
1437123169.773718587    1437123169.773176160
1437123169.814369475    1437123169.822887480
1437123169.853369471    1437123169.848270092
1437123169.893349716    1437123169.897348314
1437123169.932293655    1437123169.922254791
1437123169.972294045    1437123169.971490531
1437123170.013186480    1437123170.020295188
1437123170.052123493    1437123170.045360258
1437123170.092094231    1437123170.094941021
1437123170.131093931    1437123170.120403376
1437123170.151111563    1437123170.145478254
1437123170.190997354    1437123170.195142555
1437123170.211999575    1437123170.220295144
1437123170.251025703    1437123170.245029146
1437123170.290900748    1437123170.294541659
1437123170.329942667    1437123170.320353785
1437123170.369888825    1437123170.369470391
1437123170.409816195    1437123170.418670772
1437123170.449782077    1437123170.443363904
1437123170.489768366    1437123170.492565589
1437123170.528842790    1437123170.517380794
1437123170.568649220    1437123170.566556062
1437123170.608593050    1437123170.616237381
1437123170.648781449    1437123170.641771493
1437123170.707476598    1437123170.716723782
1437123170.747421700    1437123170.741026278
1437123170.767551572    1437123170.766870900
1437123170.787395361    1437123170.792428862
1437123170.807331851    1437123170.817391456
1437123170.847404531    1437123170.842959132
1437123170.886341532    1437123170.894082328
1437123170.926302704    1437123170.919231430
1437123170.966429860    1437123170.969883946
1437123170.986152817    1437123170.994621677
1437123171.006148241    1437123171.019302092
1437123171.046146995    1437123171.044574231
1437123171.125091119    1437123171.119809348
1437123171.164997532    1437123171.170694973
1437123171.203975301    1437123171.196174549
1437123171.243932236    1437123171.241156162
1437123171.283884068    1437123171.289720498
1437123171.343800287    1437123171.338376748
1437123171.383752101    1437123171.388640599
1437123171.423982391    1437123171.414171632
1437123171.442754692    1437123171.441452608
1437123171.463696798    1437123171.465966492
1437123171.542702790    1437123171.540152740
1437123171.581576565    1437123171.588971544
1437123171.621531344    1437123171.613401775
1437123171.661476494    1437123171.664269712
1437123171.701423879    1437123171.690759062
1437123171.741408421    1437123171.742735561
1437123171.780413861    1437123171.768826515
1437123171.820602956    1437123171.819080205
1437123171.860313853    1437123171.870028926
1437123171.901463324    1437123171.897321441
1437123171.940178526    1437123171.947727120
1437123171.980178329    1437123171.973890162
1437123172.019093231    1437123172.023567307
1437123172.059129548    1437123172.048600282
1437123172.099299997    1437123172.098731496
1437123172.139003223    1437123172.148317982
1437123172.178958083    1437123172.173494155
1437123172.217944434    1437123172.222557397
1437123172.257902810    1437123172.247381396
1437123172.298200096    1437123172.297155259
1437123172.337776207    1437123172.347040170
1437123172.376852693    1437123172.372179501
1437123172.416770609    1437123172.422274316
1437123172.456724079    1437123172.446784603
1437123172.496737819    1437123172.497380410
1437123172.516691854    1437123172.522532353
1437123172.535693164    1437123172.548102181
1437123172.575679682    1437123172.573008706
1437123172.615587780    1437123172.624342739
1437123172.655519615    1437123172.649383412
1437123172.694507658    1437123172.699303093
1437123172.734478639    1437123172.724427787
1437123172.775476599    1437123172.773685051
1437123172.814556516    1437123172.823574999
1437123172.854311277    1437123172.842070185
1437123172.893342815    1437123172.890537761
1437123172.933332613    1437123172.940048078
1437123172.973476472    1437123172.963664639
1437123173.013363137    1437123173.012698518
1437123173.052151394    1437123173.062049155
1437123173.092179526    1437123173.087487400
1437123173.133060483    1437123173.137208673
1437123173.172040364    1437123173.162512186
1437123173.212012313    1437123173.211592702
1437123173.250963454    1437123173.260961465
1437123173.290967416    1437123173.286598935
1437123173.331902082    1437123173.336867218
1437123173.370862664    1437123173.361437622
1437123173.410784195    1437123173.410996629
1437123173.449694215    1437123173.460621295
1437123173.489759351    1437123173.485632315
1437123173.529654304    1437123173.535043000
1437123173.569725818    1437123173.560559070
1437123173.609587242    1437123173.612476915
1437123173.648524037    1437123173.637376760
1437123173.688532337    1437123173.689057470
1437123173.728492227    1437123173.738749457
1437123173.768512114    1437123173.763097135
1437123173.808418726    1437123173.812947003
1437123173.847335358    1437123173.837615113
1437123173.887318940    1437123173.886592604
1437123173.927624469    1437123173.936056773
1437123173.967300251    1437123173.960900237
1437123174.006232568    1437123174.010747293
1437123174.046293017    1437123174.036577066
1437123174.086120945    1437123174.086176948
1437123174.126167207    1437123174.136224703
1437123174.166048694    1437123174.160051637
1437123174.204976767    1437123174.209435140
1437123174.244896262    1437123174.234364505
1437123174.284890365    1437123174.285013164
1437123174.323976322    1437123174.312582007
1437123174.364935950    1437123174.361875295
1437123174.403802323    1437123174.412273671
1437123174.463726348    1437123174.454577146
1437123174.522764655    1437123174.527994445
1437123174.542727953    1437123174.552874980
1437123174.583655380    1437123174.578585055
1437123174.602599457    1437123174.604621731
1437123174.642576829    1437123174.653906559
1437123174.681728343    1437123174.678791650
1437123174.721524638    1437123174.729456997
1437123174.761497974    1437123174.755051433
1437123174.801463352    1437123174.805706352
1437123174.841452654    1437123174.830100625
1437123174.881388758    1437123174.878824664
1437123174.920327703    1437123174.929610613
1437123174.960302408    1437123174.954682151
1437123175.000308070    1437123175.003607262
1437123175.040318696    1437123175.028474865
1437123175.099179281    1437123175.104857902
1437123175.139131895    1437123175.129976862
1437123175.179088186    1437123175.179294883
1437123175.199035106    1437123175.204315572
1437123175.239035535    1437123175.228965113
1437123175.278065101    1437123175.277592832
1437123175.297955836    1437123175.302677195
1437123175.317914778    1437123175.327256653
1437123175.357865739    1437123175.351636402
1437123175.397895185    1437123175.401139521
1437123175.437846030    1437123175.426053479
1437123175.476907140    1437123175.476260473
1437123175.516804474    1437123175.526305813
1437123175.556724587    1437123175.550752023
1437123175.595675040    1437123175.601671416
1437123175.655681584    1437123175.650868811
1437123175.695591060    1437123175.700376272
1437123175.715530064    1437123175.725138102
1437123175.755512159    1437123175.750255122
1437123175.794520707    1437123175.799393222
1437123175.835469467    1437123175.824207791
1437123175.874403512    1437123175.873452416
1437123175.914454361    1437123175.923138948
1437123175.954327506    1437123175.947721684
1437123175.993348213    1437123175.998725285
1437123176.034316406    1437123176.039882764
1437123176.073276024    1437123176.064372564
1437123176.113157341    1437123176.113318006
1437123176.152118390    1437123176.163078099
1437123176.192163103    1437123176.188164286
1437123176.233075390    1437123176.238557177
1437123176.272042126    1437123176.263903498
1437123176.311975097    1437123176.313936999
1437123176.370984207    1437123176.363402108
1437123176.410937492    1437123176.413992032
1437123176.430846159    1437123176.438372965
1437123176.451801575    1437123176.463797290
1437123176.490778883    1437123176.488443381
1437123176.530745964    1437123176.537613958
1437123176.569674598    1437123176.562293808
1437123176.609595585    1437123176.613016450
1437123176.650580126    1437123176.661807975
1437123176.689547619    1437123176.687801597
1437123176.729530998    1437123176.737719165
1437123176.768495986    1437123176.762100624
1437123176.808404437    1437123176.812331321
1437123176.848381580    1437123176.836844234
1437123176.888359453    1437123176.886953540
1437123176.927324797    1437123176.937111370
1437123176.967762051    1437123176.961620252
1437123177.007203317    1437123177.011758888
1437123177.047202545    1437123177.037017807
1437123177.087151804    1437123177.088537388
1437123177.126140039    1437123177.113406469
1437123177.166075388    1437123177.163491331
1437123177.206051580    1437123177.213934808
1437123177.245994642    1437123177.238529937
1437123177.285955872    1437123177.288094770
1437123177.324950432    1437123177.314029994
1437123177.364880217    1437123177.363586135
1437123177.404846045    1437123177.413476603
1437123177.444990181    1437123177.438127254
1437123177.484766082    1437123177.486927702
1437123177.523743035    1437123177.512207941
1437123177.563666079    1437123177.561156972
1437123177.603659162    1437123177.606216250
1437123177.642590298    1437123177.631060164
1437123177.683540501    1437123177.682899214
1437123177.722558930    1437123177.733176101
1437123177.762682979    1437123177.757689062
1437123177.802402230    1437123177.809132890
1437123177.841397893    1437123177.834166168
1437123177.881372938    1437123177.885519224
1437123177.921375879    1437123177.911317261
1437123177.961309963    1437123177.961485369
1437123178.000236880    1437123178.010797648
1437123178.040202074    1437123178.035370000
1437123178.080161954    1437123178.084964202
1437123178.120214208    1437123178.110072765
1437123178.160077866    1437123178.162762755
1437123178.200015859    1437123178.187070517
1437123178.238987675    1437123178.239433726
1437123178.278998414    1437123178.290473829
1437123178.319174211    1437123178.314492130
1437123178.358892167    1437123178.364781221
1437123178.398950470    1437123178.390946592
1437123178.437785665    1437123178.441210399
1437123178.477753451    1437123178.466064119
1437123178.517774331    1437123178.516816012
1437123178.557682508    1437123178.567157113
1437123178.596680315    1437123178.593063224
1437123178.636735394    1437123178.642538672
1437123178.676611848    1437123178.667810181
1437123178.716528097    1437123178.718951233
1437123178.756501162    1437123178.743884276
1437123178.795411934    1437123178.793575982
1437123178.835433387    1437123178.843234918
1437123178.875381319    1437123178.868170121
1437123178.915327873    1437123178.917992226
1437123178.954306378    1437123178.945673615
1437123178.994318916    1437123178.996735157
1437123179.034234914    1437123179.045856172
1437123179.074372594    1437123179.070769064
1437123179.113116755    1437123179.122017219
1437123179.154097550    1437123179.146860606
1437123179.193058204    1437123179.196294927
1437123179.233032284    1437123179.237870728
1437123179.273016260    1437123179.263031235
1437123179.312027151    1437123179.311780279
1437123179.352857463    1437123179.359936337
1437123179.391866040    1437123179.384972998
1437123179.451764157    1437123179.459366145
1437123179.490759191    1437123179.484676404
1437123179.510713522    1437123179.509691669
1437123179.530704437    1437123179.533741328
1437123179.551661992    1437123179.558912469
1437123179.590762830    1437123179.584063751
1437123179.630603631    1437123179.633692304
1437123179.650549970    1437123179.658165771
1437123179.709515997    1437123179.709017022
1437123179.749446820    1437123179.758494492
1437123179.789484200    1437123179.783858293
1437123179.809520721    1437123179.808262421
1437123179.829436642    1437123179.832536466
1437123179.908371621    1437123179.908890966
1437123179.948306185    1437123179.958819582
1437123179.988668054    1437123179.984609061
1437123180.028241038    1437123180.034282006
1437123180.087515917    1437123180.084337945
1437123180.127143063    1437123180.133704165
1437123180.167066078    1437123180.158533159
1437123180.187031761    1437123180.183000200
1437123180.227020284    1437123180.232847219
1437123180.265976997    1437123180.257969084
1437123180.305896197    1437123180.307608917
1437123180.345844074    1437123180.357071906
1437123180.385905838    1437123180.382095269
1437123180.425846040    1437123180.431771317
1437123180.464784603    1437123180.456530631
1437123180.504702356    1437123180.507670907
1437123180.544652116    1437123180.533444373
1437123180.583634280    1437123180.585403642
1437123180.643567897    1437123180.635977814
1437123180.663799960    1437123180.660551450
1437123180.703514812    1437123180.711537919
1437123180.743454283    1437123180.736979306
1437123180.782412212    1437123180.787118400
1437123180.824366250    1437123180.833983559
1437123180.862338971    1437123180.859118233
1437123180.902292862    1437123180.909286336
1437123180.941371254    1437123180.933948961
1437123180.981329068    1437123180.984002659
1437123181.022171115    1437123181.009191050
1437123181.061140230    1437123181.058808442
1437123181.101054730    1437123181.108070357
1437123181.140189313    1437123181.132289722
1437123181.180060092    1437123181.182518430
1437123181.220988495    1437123181.207093397
1437123181.259927896    1437123181.260448727
1437123181.299892720    1437123181.286115765
1437123181.358797156    1437123181.365539587
1437123181.398745443    1437123181.390901976
1437123181.419882763    1437123181.416294672
1437123181.438767509    1437123181.442879019
1437123181.458792402    1437123181.468901199
1437123181.498693446    1437123181.495370629
1437123181.537647274    1437123181.546162817
1437123181.577678932    1437123181.572911206
1437123181.617547684    1437123181.625056258
1437123181.657733488    1437123181.650842256
1437123181.697493086    1437123181.704996454
1437123181.736436286    1437123181.730986146
1437123181.776444713    1437123181.781981826
1437123181.816450747    1437123181.807015857
1437123181.856319614    1437123181.858125087
1437123181.915344481    1437123181.907821531
1437123181.955214988    1437123181.958124316
1437123181.975204263    1437123181.982515815
1437123182.015259011    1437123182.007387823
1437123182.055081545    1437123182.060904396
1437123182.094069442    1437123182.088336474
1437123182.134020309    1437123182.138740545
1437123182.174011427    1437123182.163753718
1437123182.213921132    1437123182.213312834
1437123182.253853160    1437123182.265195519
1437123182.292868975    1437123182.290159055
1437123182.332807033    1437123182.340358354
1437123182.372802893    1437123182.365563853
1437123182.431698824    1437123182.434087934
1437123182.472712376    1437123182.484444667
1437123182.512034155    1437123182.508457874
1437123182.551606589    1437123182.559025518
1437123182.610745780    1437123182.607752276
1437123182.650497261    1437123182.658392613
1437123182.690419541    1437123182.683801750
1437123182.710458295    1437123182.708476483
1437123182.770348628    1437123182.760099830
1437123182.809550327    1437123182.810461676
1437123182.829336780    1437123182.834779798
1437123182.890325022    1437123182.884444663
1437123182.929213486    1437123182.933349551
1437123182.949159096    1437123182.958409290
1437123182.969205427    1437123182.983206726
1437123183.008261970    1437123183.008517519
1437123183.089232229    1437123183.081868712
1437123183.128175071    1437123183.131388761
1437123183.168037576    1437123183.156829172
1437123183.186959715    1437123183.181332786
1437123183.226905884    1437123183.231496097
1437123183.246876902    1437123183.256620747
1437123183.286895632    1437123183.281201711
1437123183.326818381    1437123183.330116713
1437123183.346846436    1437123183.355230645
1437123183.405736542    1437123183.404619682
1437123183.425741616    1437123183.428973504
1437123183.445822891    1437123183.454039957
1437123183.485684828    1437123183.478981751
1437123183.505667733    1437123183.503438690
1437123183.564578340    1437123183.556335280
1437123183.604531584    1437123183.606049539
1437123183.624568535    1437123183.630378204
1437123183.684498959    1437123183.680773407
1437123183.743417331    1437123183.755120814
1437123183.783443931    1437123183.780071523
1437123183.803361264    1437123183.805555909
1437123183.823367223    1437123183.829827378
1437123183.843313314    1437123183.854550688
1437123183.882420979    1437123183.878675140
1437123183.923329230    1437123183.927698137
1437123183.962411410    1437123183.952844517
1437123184.002198338    1437123184.002907898
1437123184.042156058    1437123184.046001944
1437123184.081765454    1437123184.071073304
1437123184.122053534    1437123184.119458593
1437123184.161073178    1437123184.170914908
1437123184.200987998    1437123184.195112982
1437123184.240949188    1437123184.244752563
1437123184.279808083    1437123184.272311456
1437123184.319800605    1437123184.321841963
1437123184.379707664    1437123184.373873038
1437123184.419688499    1437123184.423641719
1437123184.458641493    1437123184.449041029
1437123184.478689237    1437123184.475928644
1437123184.498575149    1437123184.501848538
1437123184.578493956    1437123184.579352781
1437123184.618547878    1437123184.630004809
1437123184.657392091    1437123184.654885621
1437123184.697386048    1437123184.704312041
1437123184.737466054    1437123184.729593211
1437123184.777323152    1437123184.779064304
1437123184.817357405    1437123184.829052102
1437123184.856313982    1437123184.854132578
1437123184.896235150    1437123184.904311566
1437123184.936378896    1437123184.928854270
1437123184.976130120    1437123184.978922131
1437123185.015090942    1437123185.003782190
1437123185.055051305    1437123185.053537321
1437123185.095022401    1437123185.103666892
1437123185.134968978    1437123185.129370893
1437123185.174927687    1437123185.179421641
1437123185.213927220    1437123185.204950915
1437123185.253941080    1437123185.254485563
1437123185.293813494    1437123185.305194742
1437123185.333867901    1437123185.330973990
1437123185.373716770    1437123185.382577939
1437123185.412911728    1437123185.407769495
1437123185.452689736    1437123185.460300205
1437123185.492587097    1437123185.485615770
1437123185.531614041    1437123185.536187418
1437123185.571687032    1437123185.562806850
