 -56.6003  0.694439  -3.93345e-05  -110.467  -9.83802  
 -56.6003  0.694439  1.28943e-05  -110.716  -8.26767  
 -56.6003  0.694439  0.000341016  -110.716  -8.26767  
 -56.6003  0.694438  -0.108025  -111.92  -2.12302  
 -56.6003  0.694439  -0.0547945  -111.28  -5.69173  
 -56.6003  0.694439  -0.0326645  -111.249  -5.7619  
 -56.6003  0.694439  -0.0353399  -111.238  -5.78445  
 -56.6003  0.694439  -0.0112756  -111.241  -5.77709  
 -56.6003  0.694439  -0.00903368  -111.198  -5.86147  
 -56.6003  0.694439  -0.0351715  -111.174  -5.89513  
 -56.6003  0.694439  -0.0349894  -111.174  -5.89513  
 -56.6003  0.694439  -0.0350047  -111.174  -5.89513  
 -56.6003  0.694439  -0.0353234  -111.174  -5.89513  
 -56.6003  0.694439  -0.0353392  -111.174  -5.89513  
 -56.6003  0.694439  -0.0355501  -111.174  -5.89513  
 -56.6003  0.694439  -0.0239727  -111.179  -5.88987  
 -56.6003  0.694439  -0.0237242  -111.179  -5.88987  
 -56.6003  0.694439  -0.0235153  -111.179  -5.88987  
 -56.6003  0.694439  -0.0195972  -111.186  -5.88207  
 -56.6003  0.694439  -0.00907947  -111.152  -5.91996  
 -56.6003  0.694439  -0.0125754  -111.135  -5.92875  
 -56.6003  0.694439  -0.0214806  -111.15  -5.92493  
 -56.6003  0.694439  -0.0208053  -111.142  -5.92815  
 -56.3411  0.658574  -0.0930049  -111.136  -5.93024  
 -55.5047  -7.03463  -0.0662394  -111.137  -5.92855  
 -54.3564  -10.9378  4.94492  -111.05  -6.63896  
 -53.9056  -9.48283  5.89964  -111.017  -6.91303  
 -53.7543  -9.60694  6.06781  -111.019  -6.89833  
 -52.9833  -9.7702  6.0812  -111.019  -6.89833  
 -52.483  -9.93989  6.01692  -111.019  -6.89742  
 -52.0033  -10.1038  5.9602  -111.019  -6.89769  
 -51.5393  -10.1891  6.09607  -111.019  -6.89771  
 -50.7244  -10.4321  6.02445  -111.019  -6.89786  
 -49.9083  -10.6482  6.02407  -111.019  -6.89786  
 -49.7976  -10.6929  5.97575  -111.019  -6.89841  
 -49.1044  -10.9122  5.97786  -111.019  -6.89841  
 -48.3282  -11.0851  6.04165  -111.019  -6.89867  
 -47.5497  -11.2259  6.12743  -111.019  -6.89869  
 -47.0417  -11.3334  6.08038  -111.019  -6.89807  
 -46.3835  -11.4662  6.0804  -111.019  -6.89807  
 -45.4148  -11.7163  6.08605  -111.019  -6.89807  
 -44.778  -11.875  6.00491  -111.019  -6.89868  
 -44.2242  -12.0409  5.9869  -111.019  -6.89882  
 -43.4165  -12.2879  5.98626  -111.019  -6.89882  
 -43.054  -12.3025  6.09519  -111.019  -6.89865  
 -42.3456  -12.4376  6.09434  -111.019  -6.89865  
 -41.5011  -12.5994  6.09364  -111.019  -6.89865  
 -40.5692  -12.6813  6.15865  -111.019  -6.89902  
 -39.828  -12.7751  6.15867  -111.019  -6.89902  
 -39.3926  -12.1444  5.98371  -111.019  -6.89907  
 -38.6595  -12.3706  5.98413  -111.019  -6.89907  
 -37.8495  -12.5726  6.03388  -111.019  -6.8991  
 -37.0604  -12.7738  6.03324  -111.019  -6.8991  
 -36.4847  -13.0322  5.94191  -111.019  -6.8988  
 -35.6121  -13.3506  5.92733  -111.019  -6.8984  
 -34.8379  -13.6379  5.92819  -111.019  -6.8984  
 -33.998  -13.7304  6.15822  -111.019  -6.89832  
 -33.0334  -13.9025  6.03514  -111.018  -6.89971  
 -32.6248  -14.0585  6.07685  -111.018  -6.89977  
 -31.7979  -14.2318  6.07645  -111.018  -6.89977  
 -30.9898  -14.3276  6.16041  -111.018  -6.89977  
 -30.3108  -14.4711  6.07091  -111.018  -6.89939  
 -29.6753  -14.5682  6.14424  -111.018  -6.8993  
 -28.8442  -14.7576  5.97348  -111.018  -6.89972  
 -28.1203  -14.9897  5.97226  -111.018  -6.89972  
 -27.8361  -15.0737  6.00534  -111.018  -6.90065  
 -27.045  -15.2998  6.00519  -111.018  -6.90065  
 -26.293  -15.5147  6.00517  -111.018  -6.90065  
 -25.4901  -16.0436  5.82126  -111.018  -6.90067  
 -24.7335  -16.2831  6.02657  -111.019  -6.89786  
 -24.0098  -16.4728  6.02716  -111.019  -6.89786  
 -23.3285  -16.4479  6.24769  -111.019  -6.89767  
 -22.4439  -16.4843  6.23631  -111.019  -6.89767  
 -21.5523  -16.529  6.22022  -111.019  -6.89823  71.2364  -28.6671  
 -20.9707  -16.4209  6.22206  -111.018  -6.90279  71.746  -22.5174  
 -20.2698  -16.4634  6.22192  -111.018  -6.90279  71.746  -22.5174  
 -20.5617  -31.8261  2.88311  -111.107  -6.17092  71.5325  -21.048  
 -21.2986  -31.6301  2.88019  -111.107  -6.17092  71.5325  -21.048  
 -20.8566  -32.2384  0.217809  -111.121  -6.06276  69.5844  -39.4279  
 -18.253  -31.6954  0.0342819  -111.118  -6.08525  70.0859  -34.2021  
 -17.5565  -31.6738  0.0277376  -111.118  -6.08525  70.0859  -34.2021  
 -16.6104  -31.6441  0.0291295  -111.118  -6.08512  70.083  -34.2314  
 -15.6304  -31.6119  0.0405508  -111.118  -6.08507  70.0819  -34.2432  
 -14.8808  -31.5773  0.0516328  -111.118  -6.08507  70.0819  -34.2432  
 -14.0373  -31.5379  0.0417263  -111.118  -6.08507  70.0819  -34.2432  
 -13.1232  -31.4892  0.0452696  -111.118  -6.08507  70.0819  -34.2431  
 -12.4163  -31.4612  0.0339909  -111.118  -6.08507  70.0819  -34.2431  
 -11.4414  -31.4254  0.0394526  -111.118  -6.08507  70.0819  -34.2431  
 -10.3968  -31.2062  0.183416  -111.118  -6.08507  70.0819  -34.2424  
 -9.60189  -31.0549  0.192632  -111.118  -6.08507  70.0819  -34.2424  
 -9.16709  -31.0492  0.0935047  -111.118  -6.08504  70.0811  -34.2508  
 -8.41842  -30.9756  0.10236  -111.118  -6.08504  70.0811  -34.2508  
 -7.58652  -30.9477  0.0406256  -111.118  -6.08503  70.081  -34.2517  
 -6.43835  -30.9055  0.0336119  -111.118  -6.08501  70.0806  -34.2564  
 -5.54134  -30.7953  0.178054  -111.118  -6.08501  70.0806  -34.2565  
 -4.67882  -30.6475  0.161281  -111.118  -6.08501  70.0806  -34.2565  
 -4.31048  -30.597  0.125633  -111.118  -6.085  70.0802  -34.2605  
 -3.76894  -30.5547  0.0671736  -111.118  -6.08502  70.0806  -34.2558  
 -3.03884  -30.5047  0.0695151  -111.118  -6.08502  70.0806  -34.2558  
 -1.49552  -30.4395  0.042371  -111.118  -6.08498  70.0799  -34.2636  
 -0.765657  -30.4038  0.0553998  -111.118  -6.08498  70.0799  -34.2636  
 -0.00192511  -30.3586  0.06286  -111.118  -6.08498  70.0799  -34.2636  
 0.789905  -30.3117  0.0553394  -111.118  -6.08498  70.0799  -34.2636  
 1.62306  -30.2711  0.042196  -111.118  -6.08498  70.0799  -34.2636  
 2.67323  -30.3395  -0.00475228  -111.118  -6.08498  70.0799  -34.2629  
 3.47924  -30.3403  0.00272471  -111.118  -6.08498  70.0799  -34.2629  
 4.21101  -30.3337  0.0155215  -111.118  -6.08498  70.0799  -34.2629  
 5.05051  -30.3155  0.0276744  -111.118  -6.08498  70.0799  -34.2629  
 5.76183  -30.3802  -0.0255301  -111.118  -6.08499  70.08  -34.2623  
 6.40819  -30.2596  0.184025  -111.118  -6.085  70.0803  -34.2589  
 7.51199  -30.1562  0.0252154  -111.118  -6.08503  70.081  -34.2516  
 8.04705  -30.1973  -0.0737377  -111.118  -6.08504  70.0812  -34.2505  
 8.85394  -30.2586  -0.0778846  -111.118  -6.08504  70.0812  -34.2505  
 9.66753  -30.3243  -0.0832295  -111.118  -6.08504  70.0812  -34.2505  
 10.5042  -30.3954  -0.0862912  -111.118  -6.08504  70.0812  -34.2505  
 11.3837  -30.4718  -0.0869509  -111.118  -6.08504  70.0812  -34.2505  
 11.6715  -30.1855  0.0665261  -111.118  -6.08505  70.0814  -34.2482  
 12.7442  -30.1558  0.0481206  -111.118  -6.08512  70.083  -34.2313  
 13.5119  -30.2486  -0.110746  -111.118  -6.08512  70.083  -34.2315  
 14.3816  -30.3457  -0.111552  -111.118  -6.08512  70.083  -34.2315  
 15.2361  -30.2672  0.0589991  -111.118  -6.08512  70.0831  -34.2309  
 16.1007  -30.1943  0.107819  -111.118  -6.08513  70.0832  -34.2292  
 16.2855  -30.1468  0.119614  -111.118  -6.0851  70.0826  -34.2356  
 17.0731  -30.0523  0.119019  -111.118  -6.0851  70.0826  -34.2356  
 18.1835  -29.9711  0.0751653  -111.118  -6.0851  70.0824  -34.2373  
 18.3737  -30.1287  -0.00884664  -111.118  -6.0851  70.0825  -34.237  
 19.042  -30.0394  0.0663273  -111.118  -6.08514  70.0834  -34.2269  
 19.8237  -29.9879  0.0653072  -111.118  -6.08514  70.0834  -34.2269  
 20.7854  -29.8381  0.164047  -111.118  -6.08515  70.0835  -34.226  
 21.1968  -29.8207  0.0504488  -111.118  -6.0851  70.0826  -34.2359  
 21.6927  -29.8209  0.00802731  -111.118  -6.08513  70.0832  -34.2298  
 22.5367  -31.2738  0.0168645  -111.118  -6.08513  70.0831  -34.2304  
 23.4002  -31.2582  0.0168483  -111.118  -6.08513  70.0831  -34.2304  
 23.9153  -26.6428  0.00511222  -111.118  -6.08534  70.0878  -34.1823  
 24.8551  -26.7887  0.0106825  -111.118  -6.08534  70.0879  -34.1816  
 25.2076  -26.3332  0.0966814  -111.118  -6.08533  70.0877  -34.1837  
 25.9869  -26.2574  0.0972956  -111.118  -6.08533  70.0877  -34.1837  
 26.6587  -26.0584  0.216728  -111.118  -6.08533  70.0876  -34.1839  
 27.4584  -25.8821  0.217253  -111.118  -6.08533  70.0876  -34.1839  
 28.2582  -25.7056  0.216903  -111.118  -6.08533  70.0876  -34.1839  
 29.0142  -25.5394  0.21578  -111.118  -6.08533  70.0876  -34.1839  
 29.8441  -25.3579  0.214766  -111.118  -6.08533  70.0876  -34.1839  
 30.1091  -25.3046  -0.0103924  -111.118  -6.08533  70.0876  -34.1843  
 31.0632  -25.3148  -0.0110172  -111.118  -6.08533  70.0876  -34.1843  
 30.9416  -25.545  -0.0684346  -111.118  -6.08534  70.0878  -34.1822  
 32.0458  -25.2668  -0.0179338  -111.118  -6.08533  70.0875  -34.1847  
 32.8288  -25.3961  0.0363942  -111.118  -6.08533  70.0877  -34.1836  
 33.696  -25.4421  -0.0935297  -111.118  -6.08533  70.0876  -34.1837  
 34.3805  -25.8464  -0.172329  -111.118  -6.08533  70.0877  -34.1835  
 35.31  -26.0086  -0.173287  -111.118  -6.08533  70.0877  -34.1835  
 35.3485  -26.4001  -0.280843  -111.118  -6.08534  70.0879  -34.1815  
 36.1552  -26.5345  -0.101214  -111.118  -6.08534  70.0879  -34.1814  
 37.0043  -26.6195  -0.0983286  -111.118  -6.08534  70.0879  -34.1814  
 37.5579  -26.597  -0.0510962  -111.118  -6.08534  70.0879  -34.1815  
 38.3222  -26.6332  -0.0436359  -111.118  -6.08534  70.0879  -34.1815  
 39.2966  -26.6881  0.00145869  -111.118  -6.08534  70.0879  -34.1814  
 39.5954  -26.593  -0.0490739  -111.118  -6.08534  70.0878  -34.1818  
 40.3279  -26.6268  -0.0385735  -111.118  -6.08534  70.0878  -34.1818  
 41.1108  -26.6565  -0.0372328  -111.118  -6.08534  70.0878  -34.1818  
 41.9085  -26.7222  -0.0824633  -111.118  -6.08534  70.0878  -34.1818  
 42.7589  -26.7928  -0.0830099  -111.118  -6.08534  70.0878  -34.1818  
 43.0364  -26.7869  -0.0217893  -111.118  -6.08534  70.0879  -34.1815  
 43.7868  -26.8032  -0.0215128  -111.118  -6.08534  70.0879  -34.1815  
 44.9229  -26.7178  0.0479475  -111.118  -6.08534  70.0878  -34.1818  
 45.7556  -26.6775  0.0487783  -111.118  -6.08534  70.0878  -34.1818  
 45.7215  -26.6791  0.0479405  -111.118  -6.08534  70.0878  -34.1818  
 45.7215  -26.6791  0.0477939  -111.118  -6.08534  70.0878  -34.1818  
 45.7215  -26.6791  0.0478113  -111.118  -6.08534  70.0878  -34.1818  
 46.7647  -27.6522  -0.082182  -111.118  -6.08536  70.0883  -34.1773  
 46.7647  -27.6522  -0.0826532  -111.118  -6.08536  70.0883  -34.1773  
 46.7647  -27.6522  -0.0828016  -111.118  -6.08536  70.0883  -34.1773  
 46.7647  -27.6522  -0.0829084  -111.118  -6.08536  70.0883  -34.1773  
 46.7647  -27.6522  -0.0832958  -111.118  -6.08536  70.0883  -34.1773  
 46.8883  -27.3056  -0.0751747  -111.118  -6.08535  70.0881  -34.179  
 46.7324  -27.6073  0.120699  -111.118  -6.08535  70.0881  -34.1787  
 47.4242  -26.9926  0.0193852  -111.118  -6.08534  70.0878  -34.1816  
 46.5243  -26.5415  -0.0397135  -111.118  -6.08533  70.0876  -34.1837  
 45.799  -26.5128  -0.039326  -111.118  -6.08533  70.0876  -34.1837  
 45.0422  -26.483  -0.0395844  -111.118  -6.08533  70.0876  -34.1837  
 43.8867  -25.9076  -0.151282  -111.118  -6.08533  70.0875  -34.1852  
 43.0017  -25.7704  -0.156325  -111.118  -6.08533  70.0875  -34.1852  
 42.2837  -25.7253  -0.115858  -111.118  -6.08533  70.0875  -34.1851  
 41.5481  -25.64  -0.115015  -111.118  -6.08533  70.0875  -34.1851  
 40.7635  -25.5515  -0.109479  -111.118  -6.08533  70.0875  -34.1851  
 39.9451  -25.456  -0.122827  -111.118  -6.08533  70.0875  -34.1851  
 39.801  -25.7151  -0.0284351  -111.118  -6.08533  70.0875  -34.1852  
 38.9473  -25.6759  -0.0527644  -111.118  -6.08533  70.0875  -34.1852  
 38.1247  -25.6286  -0.0620007  -111.118  -6.08533  70.0875  -34.1852  
 37.6582  -25.525  -0.159888  -111.118  -6.08533  70.0875  -34.1853  
 36.8954  -25.401  -0.162471  -111.118  -6.08533  70.0875  -34.1853  
 36.1023  -25.2726  -0.158717  -111.118  -6.08533  70.0875  -34.1853  
 35.5877  -25.3297  -0.127671  -111.118  -6.08533  70.0875  -34.185  
 34.7349  -25.2209  -0.126293  -111.118  -6.08533  70.0875  -34.185  
 33.9576  -25.0786  -0.169025  -111.118  -6.08533  70.0875  -34.185  
 33.0089  -25.0783  0.18697  -111.118  -6.08533  70.0875  -34.1851  
 32.2475  -25.2221  0.186529  -111.118  -6.08533  70.0875  -34.1851  
 32.0765  -24.7363  -0.130669  -111.118  -6.08532  70.0874  -34.186  
 31.3177  -24.6387  -0.130685  -111.118  -6.08532  70.0874  -34.186  
 30.3181  -24.2194  0.0448521  -111.118  -6.08532  70.0874  -34.1859  
 29.839  -25.2459  -0.0338002  -111.118  -6.08533  70.0877  -34.1837  
 29.0279  -25.2188  -0.0330756  -111.118  -6.08533  70.0877  -34.1837  
 28.1654  -25.1875  -0.033058  -111.118  -6.08533  70.0877  -34.1837  
 27.4058  -25.1627  -0.0322097  -111.118  -6.08533  70.0877  -34.1837  
 27.8857  -21.5719  -0.0789289  -111.118  -6.08533  70.0875  -34.1853  
 26.4976  -24.7361  -0.149822  -111.118  -6.08533  70.0876  -34.1843  
 25.6031  -24.8797  -0.0699199  -111.118  -6.08533  70.0876  -34.1843  
 25.6326  -23.5997  0.00280218  -111.118  -6.08533  70.0876  -34.1844  
 24.9077  -22.0133  -0.216  -111.118  -6.08533  70.0875  -34.1848  
 24.0176  -24.2666  -0.0922068  -111.118  -6.08533  70.0876  -34.1843  
 23.3122  -24.2014  -0.0925494  -111.118  -6.08533  70.0876  -34.1843  
 22.4511  -24.1211  -0.0928444  -111.118  -6.08533  70.0876  -34.1843  
 22.8686  -22.5585  0.000477603  -111.118  -6.08533  70.0875  -34.1847  
 22.0545  -22.5585  0.00033274  -111.118  -6.08533  70.0875  -34.1847  
 21.1845  -24.2596  -0.15172  -111.118  -6.08533  70.0876  -34.1846  
 20.3822  -24.1372  -0.150995  -111.118  -6.08533  70.0876  -34.1846  
 19.5288  -24.0076  -0.150504  -111.118  -6.08533  70.0876  -34.1846  
 18.7142  -23.8841  -0.150357  -111.118  -6.08533  70.0876  -34.1846  
 18.8558  -23.186  -0.0464272  -111.118  -6.08533  70.0875  -34.1848  
 17.9113  -22.1578  -0.112295  -111.118  -6.08533  70.0875  -34.185  
 17.1032  -22.0641  -0.112279  -111.118  -6.08533  70.0875  -34.185  
 16.3741  -21.9464  -0.0399445  -111.118  -6.08533  70.0875  -34.185  
 15.6406  -21.8679  -0.126981  -111.118  -6.08533  70.0875  -34.185  
 14.8768  -21.7703  -0.126707  -111.118  -6.08533  70.0875  -34.185  
 14.1177  -21.675  -0.123168  -111.118  -6.08533  70.0875  -34.185  
 13.895  -21.6785  -0.148131  -111.118  -6.08533  70.0875  -34.185  
 12.8897  -21.5238  -0.0879057  -111.118  -6.08533  70.0875  -34.185  
 12.0896  -21.4509  -0.0937149  -111.118  -6.08533  70.0875  -34.185  
 11.2389  -21.3689  -0.0984658  -111.118  -6.08533  70.0875  -34.185  
 10.6842  -21.3457  -0.0922353  -111.118  -6.08533  70.0875  -34.185  
 10.1266  -21.2645  -0.14291  -111.118  -6.08533  70.0875  -34.185  
 9.40812  -21.2153  -0.0706304  -111.118  -6.08533  70.0875  -34.185  
 8.68337  -21.1482  -0.095233  -111.118  -6.08533  70.0875  -34.185  
 7.9041  -21.072  -0.099639  -111.118  -6.08533  70.0875  -34.185  
 7.14319  -20.9923  -0.108923  -111.118  -6.08533  70.0875  -34.185  
 6.69001  -21.035  -0.0707289  -111.118  -6.08533  70.0875  -34.185  
 5.93074  -20.9803  -0.0729245  -111.118  -6.08533  70.0875  -34.185  
 5.14965  -20.9201  -0.0809108  -111.118  -6.08533  70.0875  -34.185  
 4.42216  -20.8613  -0.0811953  -111.118  -6.08533  70.0875  -34.185  
 3.52108  -20.5522  -0.209113  -111.118  -6.08533  70.0875  -34.185  
 2.69627  -20.3817  -0.198634  -111.118  -6.08533  70.0875  -34.185  
 1.62628  -19.9819  -0.208374  -111.118  -6.08533  70.0875  -34.185  
 0.88753  -19.8249  -0.210551  -111.118  -6.08533  70.0875  -34.185  
 0.061497  -19.6734  -0.133412  -111.118  -6.08533  70.0875  -34.185  
 -0.889293  -19.5495  -0.153655  -111.118  -6.08533  70.0875  -34.185  
 -1.56214  -19.4469  -0.149119  -111.118  -6.08533  70.0875  -34.185  
 -2.42583  -19.3302  -0.134472  -111.118  -6.08533  70.0875  -34.185  
 -2.85341  -19.2678  -0.0913417  -111.118  -6.08533  70.0875  -34.185  
 -3.72407  -19.1887  -0.0897674  -111.118  -6.08533  70.0875  -34.185  
 -4.39269  -19.2136  -0.0265543  -111.118  -6.08533  70.0875  -34.185  
 -5.17531  -19.1899  -0.0339779  -111.118  -6.08533  70.0875  -34.185  
 -5.92521  -19.1637  -0.0358739  -111.118  -6.08533  70.0875  -34.185  
 -6.60102  -19.1424  -0.027256  -111.118  -6.08533  70.0875  -34.185  
 -8.16768  -19.0506  -0.0380672  -111.118  -6.08533  70.0875  -34.185  
 -8.79643  -18.9603  -0.0245158  -111.118  -6.08533  70.0875  -34.185  
 -9.61523  -18.9413  -0.0220383  -111.118  -6.08533  70.0875  -34.185  
 -10.3212  -19.0552  0.0739032  -111.118  -6.08533  70.0875  -34.185  
 -10.8286  -18.7813  -0.218948  -111.118  -6.08533  70.0875  -34.185  
 -11.546  -19.0822  -0.0594108  -111.118  -6.08533  70.0875  -34.185  
 -13.0793  -20.2194  -0.11434  -111.118  -6.08533  70.0875  -34.1849  
 -13.6096  -19.288  -0.0551892  -111.118  -6.08533  70.0875  -34.1849  
 -14.4885  -19.2396  -0.0549791  -111.118  -6.08533  70.0875  -34.1849  
 -15.2486  -19.0677  -0.198482  -111.118  -6.08533  70.0875  -34.1849  
 -16.2665  -18.4808  -0.172723  -111.118  -6.08533  70.0875  -34.185  
 -17.2863  -17.6077  -0.15387  -111.118  -6.08533  70.0875  -34.185  
 -18.4885  -19.7149  -0.0960023  -111.117  -6.09636  70.1115  -33.8492  
 -26.5855  -70.1449  2.63329  -111.19  -5.49292  68.459  -51.4913  
 -25.9281  -70.5167  2.62045  -111.19  -5.49292  68.459  -51.4913  
 -21.8873  -36.3781  2.91668  -111.092  -6.30089  71.1532  -28.8852  
 -21.1456  -36.5446  2.92485  -111.092  -6.30089  71.1532  -28.8852  
 -25.0107  -35.306  3.08037  -111.108  -6.17062  70.3629  -31.7779  
 -26.385  -33.7253  5.65521  -111.108  -6.16921  70.3362  -31.7708  
 -26.9937  -33.2861  5.66105  -111.108  -6.16921  70.3362  -31.7708  
 -28.2227  -32.5681  5.67922  -111.108  -6.16855  70.3333  -31.7878  
 -28.9333  -32.0779  5.67894  -111.108  -6.16855  70.3333  -31.7878  
 -29.7097  -31.5415  5.67836  -111.108  -6.16855  70.3333  -31.7878  
 -30.4234  -31.0473  5.67672  -111.108  -6.16855  70.3333  -31.7878  
 -30.8195  -30.6578  5.7816  -111.108  -6.16857  70.3334  -31.7871  
 -31.3542  -30.3727  5.82562  -111.108  -6.16854  70.3333  -31.788  
 -32.1251  -29.8903  5.65372  -111.108  -6.16857  70.3334  -31.7872  
 -32.7625  -29.4266  5.65475  -111.108  -6.16857  70.3334  -31.7872  
 -33.5251  -29.0098  5.77249  -111.108  -6.16855  70.3334  -31.7877  
 -34.1905  -28.6376  5.77366  -111.108  -6.16855  70.3334  -31.7877  
 -34.9585  -28.2089  5.7747  -111.108  -6.16855  70.3334  -31.7877  
 -35.8062  -27.9488  5.92909  -111.108  -6.16856  70.3334  -31.7876  
 -36.4879  -27.6778  5.89619  -111.108  -6.16853  70.3333  -31.7883  
 -37.2128  -27.3819  5.89501  -111.108  -6.16853  70.3333  -31.7883  
 -37.9801  -27.0687  5.89643  -111.108  -6.16853  70.3333  -31.7883  
 -38.4253  -26.9509  5.95339  -111.108  -6.16853  70.3333  -31.7883  
 -39.2337  -26.6743  5.95389  -111.108  -6.16853  70.3333  -31.7883  
 -39.6395  -26.3743  5.83861  -111.108  -6.16849  70.3331  -31.7893  
 -40.3851  -26.0185  5.83723  -111.108  -6.16849  70.3331  -31.7893  
 -41.1148  -25.806  5.96626  -111.108  -6.16848  70.3331  -31.7897  
 -41.8042  -25.5799  5.96644  -111.108  -6.16848  70.3331  -31.7897  
 -42.6754  -25.2881  5.94612  -111.108  -6.16848  70.3331  -31.7896  
 -43.4392  -25.021  5.94721  -111.108  -6.16848  70.3331  -31.7896  
 -44.2608  -24.7345  5.9481  -111.108  -6.16848  70.3331  -31.7896  
 -44.4819  -24.0534  5.57197  -111.108  -6.16849  70.3331  -31.7895  
 -45.274  -23.9418  5.78474  -111.108  -6.16849  70.3331  -31.7894  
 -45.7437  -23.6268  5.84232  -111.108  -6.16827  70.3322  -31.7952  
 -46.6117  -23.2396  5.87155  -111.108  -6.16829  70.3323  -31.7947  
 -47.6655  -22.8249  5.95162  -111.108  -6.16826  70.3322  -31.7954  
 -48.2456  -22.5137  5.82249  -111.108  -6.1683  70.3323  -31.7944  
 -48.6078  -22.3259  5.85284  -111.108  -6.16844  70.3329  -31.7908  
 -49.2233  -22.0143  5.80409  -111.108  -6.16841  70.3328  -31.7916  
 -49.7825  -21.6917  5.75819  -111.108  -6.1684  70.3328  -31.7917  
 -50.3756  -21.3888  5.82956  -111.108  -6.16839  70.3327  -31.792  
 -51.1251  -20.9908  5.77233  -111.108  -6.16839  70.3327  -31.7921  
 -51.599  -20.7218  5.77661  -111.108  -6.1684  70.3328  -31.7917  
 -52.341  -20.3082  5.77264  -111.108  -6.1684  70.3328  -31.7917  
 -53.1135  -19.8767  5.77501  -111.108  -6.1684  70.3328  -31.7917  
 -53.7917  -19.5037  5.78578  -111.108  -6.1684  70.3328  -31.7917  
 -54.4157  -19.1683  5.79406  -111.108  -6.1684  70.3328  -31.7917  
 -54.2811  -19.3685  5.99627  -111.108  -6.16835  70.3325  -31.7932  
 -54.6909  -19.1158  5.78836  -111.108  -6.16796  70.331  -31.8033  
 -55.3002  -18.783  5.77828  -111.108  -6.16796  70.331  -31.8033  
 -55.9079  -18.4478  5.77996  -111.108  -6.16796  70.331  -31.8033  
 -56.5779  -18.0837  5.79083  -111.108  -6.16796  70.331  -31.8033  
 -57.2553  -17.7227  5.7962  -111.108  -6.16796  70.331  -31.8033  
 -57.2973  -17.4026  5.76404  -111.108  -6.16799  70.3311  -31.8025  
 -58.0533  -16.9661  5.75497  -111.108  -6.16799  70.3311  -31.8025  
 -58.5619  -16.7244  5.82101  -111.108  -6.16803  70.3312  -31.8017  
 -59.2491  -16.3784  5.81251  -111.108  -6.16803  70.3312  -31.8017  
 -60.0556  -15.9661  5.80874  -111.108  -6.16803  70.3312  -31.8017  
 -60.0344  -15.7741  5.76381  -111.108  -6.16793  70.3308  -31.8042  
 -61.0606  -15.3241  5.9415  -111.108  -6.16796  70.331  -31.8033  
 -61.3654  -15.2251  5.93053  -111.108  -6.16787  70.3306  -31.8059  
 -62.0983  -14.9586  5.93836  -111.108  -6.16787  70.3306  -31.8059  
 -62.6637  -14.6648  5.84889  -111.108  -6.16784  70.3305  -31.8066  
 -63.4526  -14.2642  5.78985  -111.108  -6.16783  70.3305  -31.8069  
 -64.1784  -13.8697  5.78085  -111.108  -6.16783  70.3305  -31.8069  
 -64.7745  -13.6615  5.89677  -111.108  -6.16783  70.3305  -31.8069  
 -65.4311  -13.3957  5.9002  -111.108  -6.16783  70.3305  -31.8069  
 -65.7048  -13.0908  5.70037  -111.108  -6.16776  70.3302  -31.8087  
 -66.2382  -12.8431  5.89119  -111.108  -6.16785  70.3305  -31.8064  
 -67.0532  -12.4986  5.87546  -111.108  -6.16785  70.3305  -31.8064  
 -67.8852  -12.1318  5.86046  -111.108  -6.16785  70.3305  -31.8064  
 -68.6083  -11.8028  5.85187  -111.108  -6.16785  70.3305  -31.8064  
 -69.3412  -11.4597  5.83888  -111.108  -6.16785  70.3305  -31.8064  
 -68.3106  -11.0677  5.79735  -111.108  -6.16768  70.3298  -31.8109  
 -68.9757  -10.7198  5.80498  -111.108  -6.16768  70.3298  -31.8109  
 -69.6829  -10.3605  5.82129  -111.108  -6.16768  70.3298  -31.8109  
 -70.3645  -10.0191  5.8165  -111.108  -6.16768  70.3298  -31.8109  
 -71.7209  -9.81471  5.93535  -111.108  -6.16756  70.3294  -31.814  
 -72.0439  -9.67783  5.87032  -111.108  -6.16729  70.3283  -31.8211  
 -72.9296  -9.30113  5.91346  -111.108  -6.16741  70.3288  -31.8179  
 -73.6991  -9.00668  5.92203  -111.108  -6.16741  70.3288  -31.8179  
 -74.1259  -8.75875  5.85738  -111.108  -6.16743  70.3289  -31.8173  
 -74.9048  -8.37196  5.79288  -111.108  -6.16742  70.3288  -31.8176  
 -75.7072  -7.9424  5.76783  -111.108  -6.16738  70.3287  -31.8187  
 -76.3978  -7.62332  5.8875  -111.108  -6.16737  70.3286  -31.8192  
 -76.8829  -7.42007  5.88569  -111.108  -6.16735  70.3285  -31.8196  
 -77.5489  -7.07331  5.76107  -111.108  -6.16734  70.3285  -31.8198  
 -78.012  -6.75499  5.70795  -111.108  -6.16738  70.3287  -31.8187  
 -79.0243  -6.21296  5.8751  -111.108  -6.16742  70.3288  -31.8177  
 -79.6463  -5.93406  5.87072  -111.108  -6.16744  70.3289  -31.8173  
 -80.3043  -5.64807  5.87429  -111.108  -6.1674  70.3288  -31.8181  
 -81.1328  -5.29489  5.88621  -111.108  -6.1674  70.3288  -31.8181  
 -82.6247  -4.6601  5.80034  -111.108  -6.16751  70.3292  -31.8155  
 -83.0769  -4.41433  5.89811  -111.108  -6.16788  70.3307  -31.8055  
 -83.9248  -4.06552  5.88775  -111.108  -6.16788  70.3307  -31.8055  
 -84.8699  -3.65262  5.84077  -111.108  -6.16796  70.331  -31.8033  
 -85.5151  -3.34203  5.82826  -111.108  -6.16796  70.331  -31.8033  
 -86.6387  -2.95393  5.88858  -111.108  -6.16778  70.3303  -31.8081  
 -87.1169  -2.722  5.90574  -111.108  -6.16795  70.3309  -31.8037  
 -87.791  -2.42267  5.8491  -111.108  -6.16792  70.3308  -31.8043  
 -88.5  -2.09455  5.84911  -111.108  -6.16792  70.3308  -31.8043  
 -88.3499  -2.45543  5.98369  -111.108  -6.16793  70.3308  -31.8043  
 -89.5385  -2.08355  5.98071  -111.108  -6.16729  70.3283  -31.8211  
 -90.4084  -1.73826  5.79444  -111.108  -6.16707  70.3274  -31.827  
 -90.7878  -1.55398  5.93396  -111.108  -6.16736  70.3286  -31.8193  
 -91.6473  -1.23298  5.92646  -111.108  -6.1674  70.3287  -31.8182  
 -92.6142  -0.842249  5.85929  -111.108  -6.16739  70.3287  -31.8186  
 -93.4438  -0.470117  5.86372  -111.108  -6.16739  70.3287  -31.8186  
 -94.1641  -0.148279  5.8622  -111.108  -6.16739  70.3287  -31.8186  
 -94.7684  0.123724  5.8583  -111.108  -6.16739  70.3287  -31.8186  
 -95.4184  0.41767  5.85862  -111.108  -6.16739  70.3287  -31.8186  
 -96.3944  0.456682  5.93323  -111.108  -6.16737  70.3286  -31.8191  
 -97.2617  0.767045  5.94583  -111.108  -6.16737  70.3286  -31.8191  
 -97.7803  1.1317  5.90337  -111.108  -6.16733  70.3284  -31.8202  
 -97.9816  1.23095  5.96173  -111.108  -6.16698  70.327  -31.8294  
 -98.7516  1.56579  5.80067  -111.108  -6.16674  70.3261  -31.8357  
 -99.1193  1.75213  5.87307  -111.108  -6.16645  70.3249  -31.8434  
 -99.817  2.05388  5.87694  -111.108  -6.16645  70.3249  -31.8434  
 -101.435  2.61258  5.83253  -111.108  -6.16752  70.3292  -31.815  
 -102.177  2.78969  6.06803  -111.108  -6.16719  70.3279  -31.8239  
 -102.998  2.96371  6.08062  -111.108  -6.16719  70.3279  -31.8239  
 -103.227  3.34481  5.91839  -111.108  -6.1673  70.3283  -31.8209  
 -103.491  3.44354  5.85404  -111.108  -6.16765  70.3297  -31.8117  
 -103.516  3.20533  5.85965  -111.108  -6.16646  70.3249  -31.8431  
 -103.548  3.21981  5.85861  -111.108  -6.16646  70.3249  -31.8431  
 -103.61  3.20876  5.87868  -111.108  -6.16654  70.3252  -31.8411  
 -103.728  3.1957  5.85233  -111.108  -6.16643  70.3248  -31.844  
 -103.703  3.12098  5.85013  -111.108  -6.16602  70.3231  -31.8549  
 -103.696  3.12374  5.85045  -111.108  -6.16603  70.3232  -31.8546  
 -103.696  3.12374  5.85075  -111.108  -6.16603  70.3232  -31.8546  
 -103.695  3.13223  5.84504  -111.108  -6.16605  70.3233  -31.8542  
 -103.733  3.13057  5.83391  -111.108  -6.16601  70.3231  -31.8551  
 -103.733  3.13057  5.83415  -111.108  -6.16601  70.3231  -31.8551  
 -103.733  3.13057  5.83404  -111.108  -6.16601  70.3231  -31.8551  
 -103.736  3.12707  5.83025  -111.108  -6.16598  70.323  -31.8559  
 -103.739  3.10362  5.82646  -111.108  -6.16585  70.3224  -31.8596  
 -103.193  2.7591  5.74812  -111.108  -6.16581  70.3223  -31.8606  
 -102.799  2.34847  5.55123  -111.108  -6.16495  70.3188  -31.8834  
 -101.874  1.88381  5.69688  -111.108  -6.16605  70.3233  -31.8542  
 -101.592  1.57965  5.66877  -111.108  -6.16589  70.3226  -31.8583  
 -101.009  1.16833  5.66798  -111.108  -6.16589  70.3226  -31.8583  
 -100.244  0.322624  5.54835  -111.108  -6.1658  70.3222  -31.8609  
 -98.9844  -0.773302  5.5914  -111.108  -6.16579  70.3222  -31.861  
 -97.7793  -1.69757  5.63946  -111.108  -6.16581  70.3223  -31.8606  
 -96.4986  -2.65534  5.6427  -111.108  -6.16581  70.3223  -31.8606  
 -96.1246  -3.45393  5.61841  -111.108  -6.16584  70.3224  -31.8597  
 -94.9157  -4.39717  5.62276  -111.108  -6.16584  70.3224  -31.8597  
 -93.6484  -5.37791  5.62641  -111.108  -6.16584  70.3224  -31.8597  
 -92.3949  -6.34556  5.62534  -111.108  -6.16584  70.3224  -31.8597  
 -91.0415  -7.39048  5.62616  -111.108  -6.16584  70.3224  -31.8597  
 -90.0636  -8.59796  5.67035  -111.108  -6.16584  70.3224  -31.8597  
 -88.772  -9.28954  5.80334  -111.108  -6.16588  70.3226  -31.8587  
 -87.923  -10.1984  5.58389  -111.108  -6.16578  70.3222  -31.8614  
 -86.4955  -11.4858  5.64736  -111.108  -6.16572  70.3219  -31.863  
 -85.1939  -12.4476  5.64626  -111.108  -6.16572  70.3219  -31.863  
 -83.9171  -13.388  5.65051  -111.108  -6.16572  70.3219  -31.863  
 -83.3974  -13.7686  5.65173  -111.108  -6.16572  70.3219  -31.863  
 -81.7168  -14.446  5.69091  -111.108  -6.16565  70.3216  -31.8649  
 -81.7175  -14.5576  5.59503  -111.108  -6.16566  70.3217  -31.8645  
 -83.787  -25.1629  5.22944  -111.109  -6.16219  70.3077  -31.9567  
 -82.2199  -19.6192  5.49133  -111.108  -6.16398  70.3149  -31.9091  
 -82.2284  -19.7029  5.46987  -111.108  -6.16397  70.3149  -31.9094  
 -82.2223  -19.6483  5.48345  -111.108  -6.16398  70.3149  -31.9091  
 -82.2221  -19.646  5.48239  -111.108  -6.16398  70.3149  -31.9091  
 -82.2221  -19.646  5.48241  -111.108  -6.16398  70.3149  -31.9091  
 -82.2221  -19.646  5.48258  -111.108  -6.16398  70.3149  -31.9091  
 -82.2221  -19.646  5.48245  -111.108  -6.16398  70.3149  -31.9091  
 -82.2296  -19.7215  5.48795  -111.108  -6.16395  70.3148  -31.9099  
 -82.2352  -19.7701  5.4867  -111.108  -6.16393  70.3147  -31.9103  
 -82.2353  -19.7707  5.47783  -111.108  -6.16394  70.3147  -31.9102  
 -82.243  -19.8327  5.48416  -111.108  -6.16391  70.3146  -31.9109  
 -82.243  -19.8327  5.48417  -111.108  -6.16391  70.3146  -31.9109  
 -82.243  -19.8327  5.48361  -111.108  -6.16391  70.3146  -31.9109  
 -82.2428  -19.8308  5.48382  -111.108  -6.16391  70.3146  -31.9108  
 -82.2428  -19.8308  5.48345  -111.108  -6.16391  70.3146  -31.9108  
 -82.2428  -19.8308  5.48346  -111.108  -6.16391  70.3146  -31.9108  
 -82.2481  -19.8677  5.46669  -111.108  -6.16391  70.3146  -31.9108  
 -82.2513  -19.8886  5.4694  -111.108  -6.1639  70.3146  -31.9111  
 -82.2573  -19.9265  5.46213  -111.108  -6.16389  70.3146  -31.9113  
 -82.255  -19.9125  5.46495  -111.108  -6.1639  70.3146  -31.9112  
 -82.2623  -19.9571  5.4596  -111.108  -6.16389  70.3145  -31.9115  
 -82.2623  -19.9571  5.45986  -111.108  -6.16389  70.3145  -31.9115  
 -82.2623  -19.9571  5.4594  -111.108  -6.16389  70.3145  -31.9115  
 -82.2632  -19.9623  5.46185  -111.108  -6.16388  70.3145  -31.9116  
 -82.2632  -19.9623  5.4621  -111.108  -6.16388  70.3145  -31.9116  
 -82.2638  -19.9651  5.45778  -111.108  -6.16388  70.3145  -31.9116  
 -82.2645  -19.9687  5.45392  -111.108  -6.16389  70.3145  -31.9115  
 -82.26  -19.9449  5.46425  -111.108  -6.16389  70.3145  -31.9115  
 -82.26  -19.9449  5.46423  -111.108  -6.16389  70.3145  -31.9115  
 -82.26  -19.9449  5.46485  -111.108  -6.16389  70.3145  -31.9115  
 -82.26  -19.9449  5.46487  -111.108  -6.16389  70.3145  -31.9115  
 -82.26  -19.9449  5.46485  -111.108  -6.16389  70.3145  -31.9115  
 -82.2587  -19.9367  5.46043  -111.108  -6.16389  70.3146  -31.9113  
 -82.2604  -19.9463  5.45122  -111.108  -6.1639  70.3146  -31.9112  
